images-208-_jpg.rf.003faba517e72bd0fbaf8282c52e6734.jpg 196,247,304,320,1
images-31-_jpg.rf.00dfa45683bfdceefc9d1e81a9d81125.jpg 246,127,285,200,0 209,170,250,247,0 230,152,281,236,0 180,191,232,267,0 163,215,209,287,0
images-225-_jpg.rf.016aa5927222a1197ace17623d22f2ed.jpg 266,266,316,333,0 286,257,329,317,0 297,230,338,302,0 312,213,354,291,0 330,194,364,270,0
images-23-_jpg.rf.0730bf0f3bc9084aa9b4ab7d342126f7.jpg 166,159,316,352,0 173,82,323,172,0 305,131,376,211,0
images-199-_jpg.rf.01bad971ed7850fe352328fe0da976ba.jpg 132,165,394,333,0
images-415-_jpg.rf.01b905d4d6a2b7ee2345bc64ea47e358.jpg 111,156,341,316,0
images-462-_jpg.rf.0877da86a33438ebba67ee22dc5bc093.jpg 123,167,237,320,0 236,204,314,304,0
images-110-_jpg.rf.09835b912e52f7f52a03de208c7d24ee.jpg 301,211,398,312,1 204,196,374,288,1 133,162,345,270,1 9,64,234,266,1
images-162-_jpg.rf.04f94c0fb794ad71108c6216427bb121.jpg 143,118,299,193,0 145,213,326,314,0
images-246-_jpg.rf.04578a943997acd581bd9f5696b5801b.jpg 145,86,245,394,0 80,90,202,276,0 244,150,266,279,0
images-180-_jpg.rf.03b041da0f3aa5d74cb180a13b4e77db.jpg 246,227,281,303,0 233,193,273,293,0 209,173,253,275,0 190,143,229,234,0 174,114,211,206,0 160,104,199,173,0 141,87,173,156,0
images-297-_jpg.rf.083ca2f9ced0090916465d6c997bf5ee.jpg 251,300,332,395,0 322,243,410,330,0 136,183,194,295,0 161,223,257,309,0 170,206,232,271,0 120,142,191,245,0 101,145,152,227,0 74,141,126,214,0 110,120,153,138,0 59,107,122,182,0 43,83,109,160,0 45,68,92,115,0 15,71,58,143,1 218,271,280,366,0 98,31,174,82,0 131,62,192,90,0 150,77,215,112,0 168,96,266,136,0 203,137,295,190,0 243,159,330,215,0 267,180,354,222,0 280,206,341,242,0 299,242,358,264,0
images-237-_jpg.rf.090ebee11a317e75011ced892554760f.jpg 79,154,303,413,0 305,260,359,389,0
images-134-_jpg.rf.05510921002794ecae683cd00052fe0b.jpg 86,143,274,337,1
images-33-_jpg.rf.06ac83f73a5686d2a3612ca9990cf2f3.jpg 98,283,178,339,0 14,278,86,318,0 66,186,115,203,0 78,175,129,206,0 155,176,219,246,0
images-420-_jpg.rf.05104c225ba94ce026490260b09d207e.jpg 313,264,359,319,1 317,248,366,295,1 312,219,380,274,1 300,139,385,211,1 344,127,372,146,1 293,79,380,127,1 309,8,384,81,1
images-20-_jpg.rf.0a13aca2f88d3f452a0758eba7e82c72.jpg 63,66,361,245,0
images-91-_jpg.rf.0a59b2c088ebd9da37d79bdcbf6872b8.jpg 69,267,355,396,0
images-216-_jpg.rf.01e797cd3dfce4337bc06e8d92c8a93a.jpg 30,306,306,353,0
images-168-_jpg.rf.060dda5e00a60707a7c9fbc3feb066dc.jpg 140,181,367,284,0 2,168,90,338,0
images-63-_jpg.rf.020ca22a47118fd558f2bb3dab78e4b3.jpg 63,140,293,332,0
images-190-_jpg.rf.0bd17bd39278f0716d036ace97f8077a.jpg 264,127,414,278,0
images-176-_jpg.rf.0886b32dd9e2215eb7b69f0dbba7f0c6.jpg 0,90,325,196,1 32,143,357,298,1 116,210,408,390,1 302,295,416,413,1
images-309-_jpg.rf.0983afac44577ab23f3d501b169711a0.jpg 153,71,415,157,1 169,115,353,191,1 83,138,359,254,1 0,178,308,297,1 32,227,209,298,1 1,260,192,341,1
images-496-_jpg.rf.0943d24d534cf11ba8fd36e9ef421173.jpg 177,223,265,359,0 49,227,165,299,0 133,236,199,280,0 272,260,316,337,0 238,275,265,328,0 169,173,293,223,0 85,142,170,219,1 159,159,202,197,1 221,138,308,172,0 236,82,270,142,1 85,92,209,157,1 167,83,200,125,1 65,129,118,191,0 61,225,97,273,0
images-131-_jpg.rf.018a7490a80beff0885391669facc035.jpg 232,213,276,305,1 181,212,232,286,1 275,238,323,301,1
images-61-_jpg.rf.0ac304d89d623c3ce4b7d0f2243f87f9.jpg 40,309,378,397,0
images-140-_jpg.rf.0c93146820fc8438466a4aed9090ff6a.jpg 36,176,286,318,0
images-280-_jpg.rf.0cf2a4b3b7a91c6e8a97537b859a61a8.jpg 151,329,262,416,1 179,308,285,402,1 172,271,272,329,1 205,258,283,299,1 159,213,286,264,1 154,167,251,202,1 186,127,306,201,1
images-411-_jpg.rf.0d4cbdfe15079f0babce9ce1d982e1e1.jpg 179,185,273,303,0 241,150,308,332,0 308,172,371,314,0
images-234-_jpg.rf.0d6a8ef98e4de33237e1719b11b2d2f9.jpg 265,205,331,376,0 212,163,326,340,0 207,124,281,265,0 207,100,250,167,0
images-469-_jpg.rf.0d10b67f6b068239461e05defbe4e382.jpg 89,259,174,407,0 170,320,221,413,0 219,33,282,145,0 113,219,183,276,0
images-315-_jpg.rf.0e5f49ba50507540d7ebddfa0576e584.jpg 23,200,416,370,0
images-305-_jpg.rf.0f6c5c9eea93f6807da292d48ee752f9.jpg 55,213,348,288,1 47,291,371,322,1 71,329,307,398,1
images-118-_jpg.rf.116f522184e0322728472d459d2f0991.jpg 154,144,214,187,1 89,77,134,243,1 161,82,210,121,1
images-183-_jpg.rf.10f58346f25cacac8c14f414d258ee3e.jpg 211,22,322,246,0 118,114,186,212,0 84,192,217,258,0 82,233,233,377,0 167,241,306,415,0
images-102-_jpg.rf.0e35b2c893fc5f66f677d8da83eaa134.jpg 74,149,316,276,1 195,6,416,245,1
images-350-_jpg.rf.0fdbee40f331108170b2b1833060ad38.jpg 32,332,310,416,0 63,271,337,355,0 75,217,343,301,0 111,178,356,249,0 133,133,361,188,0 154,98,382,136,0 174,61,393,91,0 200,43,397,60,0 176,0,397,36,0
images-236-_jpg.rf.0e9d4e253519f202d79b575f98c0ab74.jpg 148,91,412,247,0
images-475-_jpg.rf.0d41686f15fe0ba704f5b797bacc9ff3.jpg 289,133,416,304,1 265,209,367,348,1 195,193,283,360,1 115,161,195,363,1 35,182,111,354,1
images-156-_jpg.rf.16202d72c927c7ee9943af00ff81c4d5.jpg 138,126,311,234,1 86,222,273,304,1
images-129-_jpg.rf.1708a5f7aa960f0a6da723973af93041.jpg 47,35,364,325,1
images-202-_jpg.rf.10175722ae101da0048a5b61a23f4245.jpg 238,289,374,329,0 175,259,241,301,1 53,238,128,283,1
images-442-_jpg.rf.126fafc94b41132347c352fcc87ccd67.jpg 66,72,325,327,0
images-237-_jpg.rf.146da26ccec6793c2ef828045b3bd389.jpg 113,154,337,413,0 57,260,111,389,0
images-287-_jpg.rf.11e0a1d0cc093af83753c07ecc8f53a4.jpg 159,104,347,252,0 58,211,263,367,1
images-46-_jpg.rf.12e2b37054f306053147538da6183575.jpg 87,100,204,308,0 204,96,336,284,0
images-49-_jpg.rf.1328592519602eebd24259e0eb26327d.jpg 100,123,227,375,0
images-422-_jpg.rf.179f1f847beebe3797f77a89a5b5f7ad.jpg 106,173,275,296,0 79,224,196,313,0
images-477-_jpg.rf.0db87e2a1ed7e969917f37e96bdb436c.jpg 12,203,93,319,1 53,191,117,272,1 62,161,124,231,1 102,155,149,197,1 92,119,173,195,1 113,86,187,156,1 134,72,215,143,1 162,64,222,118,1 183,196,290,416,1
images-50-_jpg.rf.0fcd064bd3024ca0f84a591f7291a4cc.jpg 36,100,159,370,0
images-315-_jpg.rf.15cb1e56d8eee26b7b9946dd23c89fdd.jpg 0,200,393,370,0
images-265-_jpg.rf.165ccdea82e55e36289d25f5226ee366.jpg 189,100,286,164,0 191,160,294,236,1 194,230,298,301,1
images-129-_jpg.rf.1972c5906c321b25f76416ac7c7be084.jpg 52,35,369,325,1
images-116-_jpg.rf.182d3429afbb65a916b0e8e752574c30.jpg 115,108,375,287,1
images-221-_jpg.rf.16da76be770f1263a431868f5a38485a.jpg 229,312,260,362,1 192,304,226,344,1
images-263-_jpg.rf.1913b63ea3b5c168b421674371e89351.jpg 135,182,333,406,1 0,120,104,296,1
images-325-_jpg.rf.18e5bf5f7d5d92df0bdfbe8b71758a8f.jpg 128,340,328,361,1 103,226,334,337,1 201,201,363,226,1 155,180,335,214,0 141,90,306,136,0 206,126,361,172,1
images-224-_jpg.rf.1bc453caa0df804cc72a74467dad6765.jpg 264,139,351,273,0 243,139,306,224,0 318,64,347,110,0 354,110,375,160,0
images-196-_jpg.rf.133cf503625a767d542bc1b8a53bf20c.jpg 114,236,347,407,0
images-167-_jpg.rf.1bf1e1ec9f4ab287794a58b0fbad2e87.jpg 57,155,390,361,0 221,257,415,398,0
images-113-_jpg.rf.1c3f33d423d5980414429c2672e29911.jpg 188,156,332,324,1
images-330-_jpg.rf.10764c77c0c1d15727321d1c499c73f8.jpg 192,314,302,365,0 168,282,272,335,0 146,271,215,301,0 115,195,146,241,1
images-38-_jpg.rf.1ab3c7954a81c9c388f4f188578cddcc.jpg 241,303,272,365,0 249,260,294,351,0 245,222,304,313,0 252,177,307,264,0 276,153,319,238,0 296,126,332,199,0 325,91,354,183,0 256,28,282,124,0 231,48,257,139,0
images-110-_jpg.rf.1e4c505db044e11d5b446bf2ad5825ab.jpg 304,221,416,297,1 195,207,405,285,1 133,182,339,265,1 23,164,244,235,1 2,67,205,183,1
images-71-_jpg.rf.1bf5722e870e24f25d9ff16c52c6b91a.jpg 90,34,208,138,0 40,73,356,368,0
images-343-_jpg.rf.1ffcdddf7ed326f6048666b37c3d130e.jpg 127,48,215,127,0 69,55,178,161,1 71,127,174,207,0 23,188,140,246,1 40,253,130,324,1 49,318,121,365,1 88,364,147,407,1
images-295-_jpg.rf.1ee6f36cac29c744690cf49c12236e56.jpg 122,198,294,233,1 109,233,294,266,1 114,268,279,301,0 104,306,275,339,0
images-459-_jpg.rf.1cc46d4d0c329d60a0c05380c6fd1d19.jpg 2,180,66,253,0 0,259,52,366,0 74,235,134,371,0 37,157,132,228,0 94,126,175,204,0 184,133,237,197,0 135,224,183,294,0 198,224,246,294,0 252,218,309,311,0
images-255-_jpg.rf.1ac1b365df3ebc1f5295a88fa9dde9db.jpg 229,310,341,341,0 229,270,383,295,0 245,239,376,253,0 207,208,360,249,0 219,180,378,204,0 193,151,336,178,0 194,98,339,145,0 144,68,282,128,0 131,43,249,99,0
images-294-_jpg.rf.2074044d9e07f6ca5341629a950ff846.jpg 238,53,399,146,1 142,171,281,251,0 289,312,346,328,1 328,197,377,249,1
images-28-_jpg.rf.1f42b41552dcb893536b59d34faf31f8.jpg 148,71,415,174,0 98,84,365,199,0 77,146,379,261,0 3,165,305,302,0 33,234,237,327,0 0,258,188,339,0
images-171-_jpg.rf.1f8cc893e38c58ee8e9bd0b218dc772b.jpg 157,201,344,308,0
images-121-_jpg.rf.1ffd2d58e92081bcc09c7f239bff5e40.jpg 72,107,355,336,1
images-41-_jpg.rf.21396bde728aeac4f618c1e9a66fc152.jpg 76,98,401,369,0
images-437-_jpg.rf.2210a1215ca775098c7b1b3446ce6320.jpg 53,121,160,220,0 148,174,266,269,0
images-383-_jpg.rf.1d2532cc4f7e690bf1d2d8ac27ecb6da.jpg 242,222,365,306,1 182,229,272,301,1
images-238-_jpg.rf.20eb7e87815b98ffed15177c499d56ea.jpg 12,181,155,313,0 72,218,191,391,0 167,241,257,409,0 174,181,267,282,0 5,95,115,178,0 296,302,380,387,0 268,223,393,312,0 257,178,366,258,0 248,131,328,220,0 270,107,295,131,0 220,145,249,177,0 200,73,286,162,0 172,68,240,125,0 139,28,215,121,0
images-210-_jpg.rf.233e29868e04ab3c0b97058bd9fad81c.jpg 247,256,316,314,0
images-284-_jpg.rf.23745bc0d3cf86040c16cc13983cf70c.jpg 41,204,159,295,0 27,243,128,317,0 28,285,123,338,0 73,180,202,301,0 88,130,210,243,0 146,86,210,111,1 209,67,312,147,1 272,86,416,207,1 348,37,410,74,1
images-310-_jpg.rf.22600c7a3b24f7c013ea6b8f85dc8d1e.jpg 77,356,339,416,1 68,376,195,412,1 47,256,328,351,1 88,205,242,247,1 94,170,318,242,0 133,102,345,188,0 153,78,314,110,0 193,14,291,84,0
images-42-_jpg.rf.1f5e4390fa0dc5d918dc5d72b549d2e4.jpg 28,95,220,149,0 355,148,415,224,0 283,193,394,333,0 238,169,321,337,0 157,155,237,364,0 97,160,142,346,0 18,151,102,324,0 4,163,32,226,0
images-168-_jpg.rf.215e877d47ff00525a2609b8b3101d98.jpg 151,151,370,279,0 9,149,97,333,0
images-223-_jpg.rf.23844ed54b62a8655b57521baf040015.jpg 104,313,214,372,1
images-433-_jpg.rf.1d41d7771a87202920986022f6572415.jpg 0,128,152,229,0 37,211,207,347,0
images-473-_jpg.rf.2384b43d91cf3273563ba611d12bce07.jpg 245,186,367,232,1 26,355,165,386,1 178,362,298,392,1
images-462-_jpg.rf.24721736cda24e6bc8ffde5b08b25969.jpg 179,167,293,320,0 102,204,180,304,0
images-125-_jpg.rf.22c87a2441e55e50fc53952e6447e08b.jpg 20,69,276,414,1
images-71-_jpg.rf.25a626a6255b79cd0f238bc9477e15f9.jpg 208,34,326,138,0 60,73,376,368,0
images-162-_jpg.rf.253295ac90a0a68ced35baccfd8f38e8.jpg 121,87,322,204,0 77,205,317,306,0
images-117-_jpg.rf.260ad39ad7626454dbce42314fc4f039.jpg 14,49,263,215,1 111,305,365,381,1
images-198-_jpg.rf.2331a8131f968afe299126a038e9775f.jpg 51,159,377,372,1
images-202-_jpg.rf.26dd7f6d3268c0fbf4a8332121f7ad15.jpg 50,286,180,322,0 44,271,157,291,1 180,265,240,299,1
images-451-_jpg.rf.249077de2ce972e23e64cc273b7c8582.jpg 183,321,239,379,1 187,49,310,99,0 183,21,298,59,0 128,89,256,123,0 252,205,309,274,0 143,199,254,259,0 126,223,220,261,0 130,257,168,267,0 200,275,237,287,0
images-156-_jpg.rf.27f35b086e1d26a1e84644e4a0d71740.jpg 41,91,307,332,0
images-192-_jpg.rf.27adff46631ee97a6c9ad4b776270629.jpg 60,111,313,403,0
images-410-_jpg.rf.28158337cfb380ff30e7e4a6d5d3967c.jpg 343,229,416,331,0 339,190,416,252,0 296,152,380,260,0 278,255,376,296,1 194,278,239,340,0 154,260,216,298,0 249,251,280,293,1 280,197,314,240,1 225,206,279,262,1 155,249,197,285,0 236,74,275,117,0
images-23-_jpg.rf.2688692e22bc3a87c1156da5e6f04f57.jpg 40,103,362,349,0
images-304-_jpg.rf.26bcf0516a136a556f4bdd0e3479d288.jpg 267,253,399,360,1 66,310,286,350,1 58,240,225,289,1 249,180,402,234,1 211,156,319,230,1 169,130,252,188,1 216,131,308,156,1 194,111,311,139,1
images-13-_jpg.rf.28ba1316b7d1b227d194917b074f1884.jpg 154,124,294,327,0 101,205,245,412,0
images-398-_jpg.rf.286528add87974f408bc3701a25e168a.jpg 297,263,348,338,1 243,219,301,323,1 176,196,259,298,0 103,162,229,225,1 93,128,206,167,1
images-178-_jpg.rf.256dc96826d9be4e6551411b1ddd34da.jpg 89,144,317,295,1
images-273-_jpg.rf.2c139ae086a6261f63e5f66ef28b133a.jpg 92,207,306,310,0 71,164,311,220,0 78,297,206,353,0
images-14-_jpg.rf.2ba806cca0e13038bb918c9c8876aa6f.jpg 33,167,175,312,0 228,178,371,286,0
images-312-_jpg.rf.27092e20c63ed584cf46d00743b13f4e.jpg 0,172,141,319,1 93,128,328,299,1 70,9,263,130,1 214,0,390,126,1 317,4,412,63,1 368,0,414,42,1
images-338-_jpg.rf.2a614fe5728f9f036b5e226abb539d6f.jpg 112,226,138,310,0 139,214,185,337,0 171,193,229,313,0 243,221,286,302,0
images-452-_jpg.rf.25afdd8d3d44a220ad06029b701e4618.jpg 187,282,289,362,0 145,243,244,333,0 123,217,226,293,0 75,193,141,251,0 56,164,197,206,0
images-199-_jpg.rf.2c3e9ddd7c307e06982d10d939ea7a70.jpg 22,165,284,333,0
images-72-_jpg.rf.2a2fc06a9475ee7ae51bbfd148d46860.jpg 105,53,394,367,0
images-9-_jpg.rf.2ecd1ed0212324d15e91c63894eac692.jpg 134,116,266,354,0
images-431-_jpg.rf.2a0b7330e948d248c82729289f64215b.jpg 23,57,79,368,1 96,45,149,374,1 174,66,240,359,0 259,52,316,356,0 333,61,392,342,0
images-212-_jpg.rf.2d1a27a483995f5df4f5bbce26a6c47b.jpg 205,285,229,303,1 175,288,197,298,1
images-487-_jpg.rf.2eeeee654a3c8bb3e1512a5ec72020a8.jpg 119,269,211,388,1 155,235,266,337,1 177,159,353,279,0 139,122,335,191,0 167,11,324,62,1
images-88-_jpg.rf.27e18df430f43d0704dbc4cf3c4fa31f.jpg 256,227,285,376,0 203,205,228,372,0 149,208,172,368,0 119,213,144,340,0 109,220,117,316,0
images-37-_jpg.rf.2f6de2467deace5f65948b6edaa57677.jpg 60,245,151,351,1 100,185,220,329,0 129,166,246,293,0 140,121,275,235,0 155,96,310,208,0 273,57,336,144,0
images-229-_jpg.rf.2fe073bf2e34a6091e7d174c51509877.jpg 71,196,122,329,1 39,122,84,182,0 93,83,163,136,0 107,163,150,334,0 117,159,169,286,0 143,159,219,314,0 261,76,339,156,0 187,169,265,301,0 176,113,275,249,0 199,99,306,258,0 200,85,311,218,0 224,79,302,169,0
images-452-_jpg.rf.2fffb76162127a2268c764fd01f80610.jpg 127,282,229,362,0 172,243,271,333,0 190,217,293,293,0 275,193,341,251,0 219,164,360,206,0
images-431-_jpg.rf.2a0b7330e948d248c82729289f64215b.jpg 23,57,79,368,1 96,45,149,374,1 174,66,240,359,0 259,52,316,356,0 333,61,392,342,0
images-212-_jpg.rf.2d1a27a483995f5df4f5bbce26a6c47b.jpg 205,285,229,303,1 175,288,197,298,1
images-487-_jpg.rf.2eeeee654a3c8bb3e1512a5ec72020a8.jpg 119,269,211,388,1 155,235,266,337,1 177,159,353,279,0 139,122,335,191,0 167,11,324,62,1
images-88-_jpg.rf.27e18df430f43d0704dbc4cf3c4fa31f.jpg 256,227,285,376,0 203,205,228,372,0 149,208,172,368,0 119,213,144,340,0 109,220,117,316,0
images-37-_jpg.rf.2f6de2467deace5f65948b6edaa57677.jpg 60,245,151,351,1 100,185,220,329,0 129,166,246,293,0 140,121,275,235,0 155,96,310,208,0 273,57,336,144,0
images-229-_jpg.rf.2fe073bf2e34a6091e7d174c51509877.jpg 71,196,122,329,1 39,122,84,182,0 93,83,163,136,0 107,163,150,334,0 117,159,169,286,0 143,159,219,314,0 261,76,339,156,0 187,169,265,301,0 176,113,275,249,0 199,99,306,258,0 200,85,311,218,0 224,79,302,169,0
images-452-_jpg.rf.2fffb76162127a2268c764fd01f80610.jpg 127,282,229,362,0 172,243,271,333,0 190,217,293,293,0 275,193,341,251,0 219,164,360,206,0
images-15-_jpg.rf.3124fb8c42226044dcc5663143aea680.jpg 220,212,312,327,0 308,141,365,220,0 130,222,183,300,1
images-219-_jpg.rf.308ee5e8c12621a615632ff948948bf5.jpg 230,257,297,290,0 187,351,238,361,0
images-70-_jpg.rf.3199e73cbc22a0c170212d6026751d7f.jpg 248,241,327,296,0 240,303,283,344,0 115,305,132,352,0 92,276,105,346,0
images-15-_jpg.rf.25fb758fee2c7b4a197004ab87892d33.jpg 62,81,211,352,0
images-42-_jpg.rf.31585c61d5c04d62021cee96e7978914.jpg 225,191,273,261,0 192,152,247,231,0 162,152,209,217,1 144,152,179,195,1 123,128,166,191,1 117,134,134,164,1 89,105,132,150,1 81,79,128,138,0
images-114-_jpg.rf.30a4fd8c9fc166a642d0cf6103383ec8.jpg 63,244,355,292,1 138,115,354,150,1
images-340-_jpg.rf.327b3e4e3999b1e082785c264ba876e0.jpg 281,236,336,292,0 263,237,285,317,0 218,243,247,310,0 183,226,230,311,0 241,336,291,416,0 221,312,254,416,0 93,310,185,405,0 149,334,189,401,0 84,291,155,368,0 74,281,119,332,0 45,259,106,294,1
images-91-_jpg.rf.32d9e9846b9a69a3b1e37e616221aa4a.jpg 251,232,377,354,0 184,198,265,280,0
images-193-_jpg.rf.332fb7ba9a98c0dc192e3a1df5fa3c6b.jpg 172,25,341,309,0 153,164,305,310,0 110,300,182,416,1 84,159,234,404,1
images-474-_jpg.rf.33234eb31f7632e6b972f92ba73f4390.jpg 167,114,248,242,0 24,149,166,318,0
images-184-_jpg.rf.3222c05d36512b983c301040a00b12ad.jpg 224,77,271,205,0 86,164,171,284,0 140,189,185,311,0 172,207,205,361,0 237,246,271,379,0 268,227,349,404,0
images-76-_jpg.rf.335dee5710f3d46911be1b629c8bbf01.jpg 98,114,307,292,0
images-49-_jpg.rf.3772f0af86183b3894ceb2aec248d423.jpg 189,123,316,375,0
images-174-_jpg.rf.33f4c4a1369ee22ffb37a44439265283.jpg 210,220,368,341,1 192,135,368,303,1 142,114,310,250,1 90,71,295,211,1 35,68,266,187,1 0,48,205,175,1 0,10,147,134,1 237,278,413,358,1 229,329,382,377,1
images-165-_jpg.rf.2cb55ec574b635c6291827867252b6cc.jpg 126,192,194,287,0 155,220,210,311,0 99,178,143,244,0 185,243,244,337,0 212,271,266,355,0 239,303,276,378,0 205,125,242,171,1 237,162,268,205,1
images-6-_jpg.rf.38056d4d88d5b8bb89502864070fee73.jpg 61,24,319,406,0
images-158-_jpg.rf.363a30b0fde32d86bfa899e432cc3d54.jpg 87,107,360,363,0 14,238,226,410,0
images-228-_jpg.rf.2f2118f5a3fd467f3feeb583dc30e6e0.jpg 93,311,137,409,0 153,310,194,406,0 133,346,155,412,0
images-460-_jpg.rf.38f806cb9cdbb169cb8831f4d00afaf2.jpg 35,57,415,213,0 158,186,346,274,0 104,213,377,348,0
images_jpg.rf.374e13ac395cc7a1b3850ffba0ed1850.jpg 15,163,383,336,0
images-194-_jpg.rf.39a44e8d6cd64148b38d7d7729928c39.jpg 80,116,358,282,0
images-200-_jpg.rf.3ca73a0b6176ac98210841901c97972b.jpg 183,175,275,411,1 265,193,337,416,1
images-109-_jpg.rf.34dbd6be8e3764f167e5059c3cbc65f9.jpg 92,45,270,309,1 196,257,397,397,1
images-272-_jpg.rf.3168267e53fa6e1c18745015fc505111.jpg 187,325,227,391,1 110,282,175,372,1 82,246,154,334,1 73,220,143,283,1
images-37-_jpg.rf.3c51d559411e6efb1d775a2bdde14702.jpg 95,200,371,396,0
images-273-_jpg.rf.35fd59f63de905d474ac3b8a047e2b09.jpg 110,207,324,310,0 105,164,345,220,0 210,297,338,353,0
images-106-_jpg.rf.37ab7d76766b8785614b16555bb11678.jpg 60,216,376,330,1
images-489-_jpg.rf.32ad4a5584c02b79f6ae7230ed250f06.jpg 142,131,236,318,0 218,204,274,300,0
images-412-_jpg.rf.391e8979eebef70e2fb6dc8f13ea7904.jpg 213,143,321,184,1 176,143,282,233,1 143,150,257,245,0 98,168,176,215,1
images-216-_jpg.rf.3cd3d9af7bffc5e5a4218e0d305d7c19.jpg 140,299,392,366,0
images-416-_jpg.rf.3988badc09c9710aa4bacc8fcea9b0a9.jpg 111,214,165,296,0 106,238,138,311,1 148,221,199,293,0 171,206,215,269,0 199,188,266,261,0 198,219,218,240,0
images-204-_jpg.rf.3cec27b694d742080d4189d1029cd4b5.jpg 122,295,184,359,0
images-66-_jpg.rf.3fb8c5d9c3174c430f744dfcfbdc3c40.jpg 56,186,373,317,0
images-293-_jpg.rf.3dd3276b616492177753de8f7693fdba.jpg 184,129,322,311,0 147,142,208,254,0 66,135,152,297,0 32,142,82,266,0
images-266-_jpg.rf.3d274692699765d928b4380454c3feda.jpg 146,211,200,304,0 128,195,174,275,0 114,197,151,242,0 80,195,111,235,0 75,146,132,184,0 73,125,139,156,0 61,106,134,156,0 70,87,131,123,0 191,219,219,283,1
images-487-_jpg.rf.3d9b9ad61131d98ec801fb2090a7ab5a.jpg 205,269,297,388,1 150,235,261,337,1 63,159,239,279,0 81,122,277,191,0 92,11,249,62,1
images-458-_jpg.rf.4213a64e2c03e85cb37a9cde7806719c.jpg 143,222,247,259,0 194,210,313,256,0 188,201,343,227,0
images-381-_jpg.rf.41f9d1f956ae74bc14cadc4d98f53999.jpg 336,271,375,331,1 319,260,349,324,1 295,269,322,340,1 291,195,346,271,0 262,245,293,310,0 347,198,368,257,0 247,177,281,282,0 224,138,298,251,1 179,142,235,233,0 143,138,203,268,0 215,112,256,142,0 158,67,249,191,0
images-116-_jpg.rf.40691fb94750fa0fac2f2a026dfd26eb.jpg 41,108,301,287,1
images-119-_jpg.rf.421415d87fd6ab66d4b87733e8d4475c.jpg 100,41,306,411,1
images-162-_jpg.rf.3d8e845b74edd60a6a59b55b5f262102.jpg 117,118,273,193,0 90,213,271,314,0
images-175-_jpg.rf.41ed5cbe29413fce08fdd266c2551dbe.jpg 135,109,273,291,0 52,128,145,255,1
images-474-_jpg.rf.4209f8611e7d9f6afdd753d31c0f0bba.jpg 168,114,249,242,0 250,149,392,318,0
images-465-_jpg.rf.3fc2a1f76e2e24d8ee00baba18c25e03.jpg 123,95,349,318,0
images-64-_jpg.rf.41c1236cc18b9269272c0fab2add37b6.jpg 20,37,365,334,0
images-210-_jpg.rf.3f3915113e6952f9cfc97696830a296a.jpg 100,256,169,314,0
images-43-_jpg.rf.441460eb28257676641f37acafe1ff7c.jpg 180,158,279,296,0 220,263,334,385,0
images-430-_jpg.rf.3df7b07570764a1eb35ee0340fd77090.jpg 202,253,242,314,1 226,222,295,310,1 253,202,336,275,0 247,176,368,264,0 268,145,377,214,0
images-319-_jpg.rf.4545a2a86f0992269be56ebf69f66bc0.jpg 16,163,365,319,1 243,146,416,261,1
images-339-_jpg.rf.3bf4c866cc88f5c3765dfb28cb558e24.jpg 145,116,252,328,1
images-60-_jpg.rf.470c90004481b55d2af05ffa9b1d3e16.jpg 20,165,159,312,0 160,147,296,261,0
images-66-_jpg.rf.441e2fcf0b5712305bed890979701446.jpg 18,62,408,407,0
images-18-_jpg.rf.45719a9fa6822a5ebd2fc85826d0a98b.jpg 285,270,416,386,0 89,152,124,192,0 122,142,163,189,0 146,135,191,176,0 158,129,209,154,0 172,123,232,144,0 5,48,40,73,1 19,43,59,71,1 38,35,79,68,1 57,26,101,50,1 75,26,120,52,1
images-8-_jpg.rf.473ce0c6d950f264aa29984d00363b21.jpg 103,186,318,302,0
images-173-_jpg.rf.41501633d46f89e897ba71965cb339bf.jpg 49,43,329,405,0
images-75-_jpg.rf.47a278179791a5994c1ac79bc2eb1381.jpg 178,74,194,145,0 216,134,230,167,0
images-296-_jpg.rf.45d5a919e843472d1afe7d7a49b8d1c3.jpg 181,236,355,297,1 92,172,279,251,0
images-35-_jpg.rf.447de34c4afafb1adc8c799f873fa475.jpg 170,281,242,306,0 157,252,258,277,0 149,225,257,244,0 146,203,254,222,0 142,171,254,191,0 167,144,246,168,0
images-453-_jpg.rf.457d9406817bc6fd8af76a03c8b33f25.jpg 257,170,374,281,0
images-33-_jpg.rf.46b95a454bec34bfed8dc82b108eb549.jpg 238,283,318,339,0 330,278,402,318,0 301,186,350,203,0 287,175,338,206,0 197,176,261,246,0
images-57-_jpg.rf.468492abe2b6cc69fd42d6d5a7e6dec5.jpg 105,194,257,384,0 279,138,307,226,0
images-108-_jpg.rf.a03ba362f66bba18cf3e43683ad98803.jpg 85,209,327,334,1 94,77,325,202,1
images-22-_jpg.rf.a00e42e5d1d4b02061170e63373593df.jpg 154,134,332,326,0 0,130,159,330,0
images-10-_jpg.rf.a03952090a41c84c424762ade3555b01.jpg 12,185,360,319,0
images-390-_jpg.rf.9ff4d469ae18af88b9f63fe492c20b9d.jpg 61,65,148,355,1 157,87,260,372,0 210,138,337,324,0 208,113,367,230,0
images-433-_jpg.rf.a3253c4f7acb23bd95c7239199e2af30.jpg 264,128,416,229,0 209,211,379,347,0
images-357-_jpg.rf.a305a5c0bd852fd4d92f4dff1c445a6a.jpg 117,107,330,300,0
images-201-_jpg.rf.a3b007f5a5ee8ff0e2f5e0766293e26f.jpg 175,237,281,329,0
images-256-_jpg.rf.a092671b3d027bb1a4cb9763c0d17148.jpg 123,301,326,345,0 128,278,339,318,0 125,242,337,306,0 138,250,308,281,0 132,229,308,268,0 140,217,292,247,0 111,191,273,241,0 121,165,261,205,0 102,139,245,195,0 107,114,229,162,0
images-427-_jpg.rf.a0f76437e8a441fe522663168561edb4.jpg 261,238,286,373,0 40,102,114,226,0 47,175,135,329,0 115,163,175,303,0 144,228,197,366,0 212,207,251,324,0
images-313-_jpg.rf.a2fac6d1e5aceb39d106077c9231d4c2.jpg 231,72,308,165,0 287,95,328,177,1 134,42,203,99,0 176,270,247,321,0 254,307,281,405,1 117,136,167,174,0 104,183,145,256,0 127,256,143,302,0
images-165-_jpg.rf.a13cf64e72d7275e4cf16e7b8873345b.jpg 222,192,290,287,0 206,220,261,311,0 273,178,317,244,0 172,243,231,337,0 150,271,204,355,0 140,303,177,378,0 174,125,211,171,1 148,162,179,205,1
images-36-_jpg.rf.a0b3b7cdc884230bf0ad7bb7a1c588d6.jpg 259,143,342,287,0 164,168,290,327,0 179,133,264,239,0 134,145,215,235,0 90,122,186,201,0 61,98,142,183,0 42,74,117,167,0
images-133-_jpg.rf.a301d311b05981aed165d0ac32c82823.jpg 57,43,414,395,1
images-176-_jpg.rf.a19eaaf6dca9f16144a9a8a6c118697b.jpg 91,90,416,196,1 59,143,384,298,1 8,210,300,390,1 0,295,114,413,1
images-188-_jpg.rf.a371187afc28584db900c7d537e61600.jpg 18,212,161,403,0 78,199,212,377,0 128,114,253,296,0 259,169,315,309,0
images-185-_jpg.rf.a5398d01bd1237214a61f102c058930e.jpg 75,261,210,363,0 171,269,263,383,0
images-227-_jpg.rf.a3027fb1ce639024ee7f281cad64b263.jpg 187,118,317,305,0 110,103,255,212,0 300,32,355,48,0
images-346-_jpg.rf.a5d6970cec1969a5a380fcca65df4528.jpg 204,298,305,387,1 170,289,281,370,1 138,272,269,331,1
images-153-_png.rf.a74294265ece046239de07c21c474057.jpg 76,245,301,347,0
images-130-_jpg.rf.a7441ed9a364370a8e20fb0c25a0b4d5.jpg 153,140,370,415,1
images-310-_jpg.rf.a619cb0ea5d0247b58328b386d865a53.jpg 77,356,339,416,1 221,376,348,412,1 88,256,369,351,1 174,205,328,247,1 98,170,322,242,0 71,102,283,188,0 102,78,263,110,0 125,14,223,84,0
images-481-_jpg.rf.a610b5179cb1a1d14b145c23c615a08b.jpg 216,302,279,416,0 71,85,95,151,0 34,25,62,96,0 104,80,158,135,0 138,152,193,195,0 149,214,218,285,0 169,274,234,370,0
images-333-_jpg.rf.a6de676b405cbed33c271292cd5d80e0.jpg 104,174,300,204,0 116,191,296,224,0 111,224,299,257,0 107,244,290,272,0 134,266,327,297,0 133,287,328,316,0 135,323,301,345,0 161,350,280,379,0
images-401-_jpg.rf.a495249b549a473887d561ef8dc27ad6.jpg 201,101,359,228,0 221,145,336,320,0 161,91,259,375,0 65,69,141,351,1
images-180-_jpg.rf.a7b250d521cf428e6c00bfd923d22980.jpg 151,102,289,289,0
images-491-_jpg.rf.aa4d58f5951a44f2a03e2c0770433a35.jpg 200,223,272,289,1
images-285-_jpg.rf.b070f0df951a2710e5ec335b4f3bf93c.jpg 283,207,414,334,0 187,152,359,368,0 115,78,307,310,1 98,62,233,215,1
images-7-_jpg.rf.a7aa5efe2ed50840139ccb65bf0dc2b7.jpg 81,199,271,398,0
images-95-_jpg.rf.ad1fb7c7eaa7958dad036e7dc2e8a5ec.jpg 118,158,260,324,0
images-267-_jpg.rf.aa6467bbdde6e0cdcd65f0b2e009d481.jpg 207,215,415,322,0 225,160,414,224,0 226,129,397,166,0
images-146-_jpg.rf.aa26bac087d26dafb5a5554faacb38dd.jpg 22,82,382,373,1
images-458-_jpg.rf.ae7929d82f5bcd128e76b6b7a2a4b8ee.jpg 169,222,273,259,0 103,210,222,256,0 73,201,228,227,0
images-241-_jpg.rf.adfbde8432391d09799ffc4b3b9ea62e.jpg 131,217,205,280,0 127,259,288,335,0
images-169-_jpg.rf.a97814711236d88dcbfb4b0b8427d256.jpg 98,116,169,270,0 153,131,211,306,0 244,113,293,152,0 161,108,237,250,0
images-99-_jpg.rf.b00a3ce52c819a268f43d03578670bb0.jpg 280,32,393,111,0 313,102,416,156,0 316,156,416,212,0 285,184,394,283,0 251,199,363,324,0 222,225,323,362,0 199,233,268,396,0 144,228,190,405,0 150,30,198,77,0 145,77,194,98,0 135,105,188,149,0 92,232,135,398,0 38,230,102,367,0
images-363-_jpg.rf.aeef694d3310b982ca4f7267c6d42d1b.jpg 221,22,363,240,0 166,65,275,276,0 138,92,213,325,1 89,116,156,337,1 78,160,94,373,1
images-76-_jpg.rf.ab76956b3aa48cf6ad58e3d708fba436.jpg 191,191,240,266,0 226,247,320,332,0
images-414-_jpg.rf.ad9f169dc910adb7df91963b24a5308a.jpg 1,90,409,385,1
images-174-_jpg.rf.aca5bcc35c6062600c9333a2a4215fb5.jpg 53,23,412,338,0
images-214-_jpg.rf.ac75926b2bd4ce27732e4910e056f69a.jpg 288,321,365,381,1 294,246,374,317,1 290,176,373,247,0 289,105,372,173,0 285,37,371,96,0
images-304-_jpg.rf.ad63e076efb039036f9a5e06271297be.jpg 17,253,149,360,1 130,310,350,350,1 191,240,358,289,1 14,180,167,234,1 97,156,205,230,1 164,130,247,188,1 108,131,200,156,1 105,111,222,139,1
images-71-_jpg.rf.ab4cb171406635f30081e826f5afa01c.jpg 26,200,202,326,0 102,191,315,300,0 167,144,340,285,0
images-213-_jpg.rf.ab4aae0fe83addb73c605e8965f2f9c8.jpg 164,342,330,415,1
images-363-_jpg.rf.a766e467244936095806072b1ad45b99.jpg 53,22,195,240,0 141,65,250,276,0 203,92,278,325,1 260,116,327,337,1 322,160,338,373,1
images-299-_jpg.rf.afd43d669ab22532ae516d850b50a601.jpg 135,182,283,259,0 30,214,173,299,1 0,268,78,300,1 23,359,194,416,1
images-163-_jpg.rf.ac74df1e0a6fdb0f95a3cbed0b8dfbfc.jpg 70,238,244,325,0 144,78,213,137,0
images-498-_jpg.rf.ad9b46cd74b5b0f36c977c708d354dc5.jpg 103,215,383,337,0 160,261,358,395,1 233,295,366,385,1
images-302-_jpg.rf.aa639f6c712d19354b19ee994b32ad8d.jpg 286,222,323,321,0 276,99,301,238,0 307,125,325,217,0 256,67,280,254,0 242,78,256,180,0 227,81,238,163,0 211,165,232,308,0 191,150,212,280,0 157,126,174,270,0 118,150,133,268,0
images-392-_jpg.rf.b15c8ebf4d9ca228ecc657af2ce1c51d.jpg 164,191,379,285,1 231,285,344,317,1 220,278,408,341,1
images-460-_jpg.rf.ae0b141ecab03e274e82d7dde7b8fd86.jpg 1,57,381,213,0 70,186,258,274,0 39,213,312,348,0
images-335-_jpg.rf.b0eb5a15c4f231ba3b820d996ffd1a95.jpg 106,246,416,310,0 58,220,349,260,0 44,145,262,210,0 99,114,207,156,0 99,71,252,114,0 134,39,325,109,0 264,0,416,57,0
images-282-_jpg.rf.b1c6d10d9c99fd0c052874f6103e7353.jpg 84,91,284,231,0 30,134,407,365,1
images-313-_jpg.rf.b2771042646ed1ae748a6c6f123ef39a.jpg 108,72,185,165,0 88,95,129,177,1 213,42,282,99,0 169,270,240,321,0 135,307,162,405,1 249,136,299,174,0 271,183,312,256,0 273,256,289,302,0
images-151-_jpg.rf.b2ea8c9e1b59db67ce9da9aece1902f6.jpg 48,193,101,345,1 95,148,216,336,1 181,183,310,358,1 242,214,357,349,1 255,212,415,390,1
images-379-_jpg.rf.b3c01a64292befae48d3b7af9625a201.jpg 112,254,186,366,0 165,256,239,355,0 169,208,287,310,0 174,194,313,271,0
images-432-_jpg.rf.b32557a332ec447f1c16ff9e4425c8a5.jpg 201,281,242,331,0 223,248,312,329,0 225,211,340,285,0 302,199,411,230,0
images-211-_jpg.rf.b5fabcaf9c13b9ff5fa43853565b5a9c.jpg 127,211,195,344,0
images-362-_jpg.rf.b4ced73272b6983404e8a084e47237e6.jpg 104,283,228,334,1 133,267,255,316,0 217,265,308,305,0 170,216,341,243,1
images-171-_jpg.rf.b499a908a6aac825fcabbd20fead1cd6.jpg 87,188,270,316,0
images-26-_jpg.rf.b427ef66b1ed971ccd326c13f3fc2623.jpg 73,132,341,330,0
images-280-_jpg.rf.b50b3127522b4246342a8a36604fd347.jpg 154,329,265,416,1 131,308,237,402,1 144,271,244,329,1 133,258,211,299,1 130,213,257,264,1 165,167,262,202,1 110,127,230,201,1
images-468-_jpg.rf.b4d509b16860ea6bea1e2aef4e6a620a.jpg 82,199,211,244,0 148,73,233,149,0
images-96-_jpg.rf.b5ebdcb442401f684fb628be4aa982b9.jpg 43,158,178,298,0
images-434-_jpg.rf.b63849e1f5accf5fe071eebd0c23e3ad.jpg 63,215,214,287,0 81,279,219,323,0 151,307,235,337,0
images-330-_jpg.rf.b470cf1ff0d9ae4c5120a4915da237b5.jpg 114,314,224,365,0 144,282,248,335,0 201,271,270,301,0 270,195,301,241,1
images-151-_jpg.rf.b2a6d06d6b4e3eabfa09a208818b0f58.jpg 2,172,386,401,0
images-374-_jpg.rf.b2a609ec41179d5321ba68d880c86193.jpg 81,196,403,386,0 288,338,406,416,0
images-82-_jpg.rf.b65263011ad0927f74577fdef22a8890.jpg 33,142,255,410,0
images-105-_jpg.rf.b4f570e7432b332c28c85cc50aa4c045.jpg 25,130,405,352,1
images-393-_jpg.rf.b8a1af9d24027ae2dcafb307ac91225d.jpg 65,134,172,201,0 87,173,205,233,0 129,213,207,255,0 111,250,208,291,0 141,293,211,314,0 154,337,193,351,0 204,137,219,253,0
images-471-_jpg.rf.b9b840dcf34e0461c2a8da2751bc1abe.jpg 155,104,294,284,0 318,259,386,306,1 155,357,251,416,1
images-84-_jpg.rf.b58dc9cd5a2e3c6493cc5a6730db1c49.jpg 57,96,263,285,0
images-224-_jpg.rf.b6141dfe25d91e22a827988893da07e4.jpg 258,104,380,289,0 377,161,404,226,0 323,63,354,112,0 235,135,308,251,0
images-274-_jpg.rf.b5d76fa3b6ce15da2b527a9f7240b135.jpg 251,180,331,206,0 249,215,345,235,0 223,227,297,275,0
images-31-_jpg.rf.bba300abc97e4f2619edb43843c84552.jpg 131,127,170,200,0 166,170,207,247,0 135,152,186,236,0 184,191,236,267,1 207,215,253,287,1
images-466-_jpg.rf.b7540ae8eb60b4d1c964b8ecc135a4a9.jpg 101,275,198,312,0
images-99-_jpg.rf.bc05ff89ac501f27fee4788d2dab57dc.jpg 211,167,227,288,0
images-165-_jpg.rf.bc376bff3f000dd8a1826f8e3dd9bb14.jpg 223,193,292,277,0 209,221,256,307,0 172,241,229,334,0 143,263,202,356,0 139,301,181,373,0 148,166,179,199,0 126,222,150,258,0 178,126,212,169,0 106,324,146,367,0 284,179,323,238,0
images-70-_jpg.rf.b88f7611ca552787929c46d58f60459f.jpg 91,171,319,343,0
images-121-_jpg.rf.bd1f37938b6981621cd86f2bf03870fd.jpg 61,107,344,336,1
images-412-_jpg.rf.c0b8a6cdee96d566dcdf83ed6343846b.jpg 95,143,203,184,1 134,143,240,233,1 159,150,273,245,0 240,168,318,215,1
images-345-_jpg.rf.bad9b419c48b329cbba7ebd26b00d415.jpg 316,217,391,260,1 311,250,388,289,1 293,265,359,307,1
images-63-_jpg.rf.bf2636da43d9b38f6f0d4cac1b1da5ce.jpg 123,140,353,332,0
images-442-_jpg.rf.c2229a301e9166c814215866f4d6f6a5.jpg 91,72,350,327,0
images-406-_jpg.rf.ba682a0fc658ec30a041d97870c5fcab.jpg 174,100,365,279,0 226,183,318,317,0 167,179,254,320,1 100,150,228,400,1 54,156,120,384,1 17,186,104,415,1 0,224,57,416,1
images-148-_jpg.rf.c27f7986faff9a655b669b796dd800a8.jpg 199,142,358,287,1 219,222,362,338,1 244,274,413,361,1 241,327,407,409,1 151,191,248,243,1 88,94,281,205,1 75,94,223,172,1 9,60,194,168,1 4,20,142,124,1
images-208-_jpg.rf.bac575dfc1666e9278e3d4f7819deed0.jpg 113,247,221,320,1
images-352-_jpg.rf.c04fbbe81cf572fcfe5b839d2bb6cc6c.jpg 155,48,326,272,0 179,181,291,335,0 225,246,314,343,0 297,287,337,384,0 269,242,346,331,0
images-239-_jpg.rf.bf6a09ecde001db23c4b0b0b0334a88a.jpg 94,150,322,306,1
images-42-_jpg.rf.bcb1ff3c6aaccc7b2a28e0471d4cc4e4.jpg 143,191,191,261,0 169,152,224,231,0 207,152,254,217,1 237,152,272,195,1 250,128,293,191,1 282,134,299,164,1 284,105,327,150,1 288,79,335,138,0
images-205-_jpg.rf.c3ada1a44c9acf1a4bad424ddc6cacb0.jpg 12,266,212,329,1
images-212-_jpg.rf.c607840b03b983248b5eee0fede86ddf.jpg 173,272,242,309,0
images-44-_jpg.rf.c10cf3918dc13ab7da95cad12b937743.jpg 211,190,276,269,0 207,203,247,266,0 195,218,232,275,1 170,239,197,278,1 131,217,160,287,1 89,249,100,311,1
images-115-_jpg.rf.c51b3cab5f369f10da01f548e4c9687a.jpg 64,244,344,396,1
images-423-_jpg.rf.c8be9762d3c12f6cfa358a65d1017069.jpg 170,77,255,402,0
images-297-_jpg.rf.c7afaa8bcfd211a573338e8d3ddef2d2.jpg 84,300,165,395,0 6,243,94,330,0 222,183,280,295,0 159,223,255,309,0 184,206,246,271,0 225,142,296,245,0 264,145,315,227,0 290,141,342,214,0 263,120,306,138,0 294,107,357,182,0 307,83,373,160,0 324,68,371,115,0 358,71,401,143,0 136,271,198,366,0 242,31,318,82,0 224,62,285,90,0 201,77,266,112,0 150,96,248,136,0 121,137,213,190,0 86,159,173,215,0 62,180,149,222,0 75,206,136,242,0 58,242,117,264,0
images-334-_jpg.rf.c6d8d31e30dd2815236afbb83a50aa94.jpg 36,213,86,359,0 86,177,139,342,0 132,207,194,342,0 155,191,234,309,0 171,181,248,300,0
images-60-_jpg.rf.c2bef7f86e0adbde069c869295a38c26.jpg 15,168,347,296,0
images-34-_jpg.rf.c75eaf4b0d911660105b2a3ff1f0e260.jpg 100,52,352,355,0
images-218-_jpg.rf.c53554734a2d6108b66ea3208514f856.jpg 208,300,282,367,1
images-45-_jpg.rf.bebd950e47e653858efa755fb9500b60.jpg 34,82,134,289,0 103,105,161,340,0 165,84,247,290,0 219,292,266,404,0
images-498-_jpg.rf.c4e41cfe6a867c89943e84a5c7123790.jpg 33,215,313,337,0 58,261,256,395,1 50,295,183,385,1
images-211-_jpg.rf.ca875012eb4053d50129742847bce4c5.jpg 228,209,285,353,0
images-103-_jpg.rf.c2309250e098d51caa08d22db61d23bd.jpg 38,178,386,378,1
images-369-_jpg.rf.cb73f608fbea248ac3b6299d184e1738.jpg 67,137,370,379,1
images-77-_jpg.rf.c8259d3df2467eb2a4b56a7e90d60d17.jpg 62,189,310,352,1
images-97-_jpg.rf.c913c28cb2455f7b6c81754fda0e7e39.jpg 283,121,334,296,0 146,88,170,337,0
images-160-_jpg.rf.c8e01086bd35d2da510a081af435d6b4.jpg 150,115,285,262,0 148,147,247,311,0 113,160,180,343,0 54,222,121,353,0 32,126,78,234,0 0,125,18,231,0
images-225-_jpg.rf.ce6aa6696a32044b0af4ddab54ea3e69.jpg 100,266,150,333,0 87,257,130,317,0 78,230,119,302,0 62,213,104,291,0 52,194,86,270,0
images-103-_jpg.rf.c74c67be3bbacb4875d64df1484ef85b.jpg 37,145,387,400,1
images-90-_jpg.rf.cc8f8b09d1694fa3f1c55da484d696f3.jpg 82,231,312,319,0 74,78,334,224,0
images-356-_jpg.rf.ca2367cd1bfea95e64350dee3ef5e289.jpg 69,295,161,416,1 17,314,75,381,1 103,306,209,415,1 69,252,207,366,1 101,229,236,378,1 119,204,251,353,1
images-104-_jpg.rf.ca7ec757485c90d6e3b76a112b8c623b.jpg 245,143,402,272,1
images-91-_jpg.rf.d036f4ec4d6ce0639dd28eea138d5e38.jpg 39,232,165,354,0 151,198,232,280,0
images-354-_jpg.rf.ccef7175280abb138a1e6cf2de6a1d8c.jpg 279,249,398,390,0 249,199,326,303,0 215,178,291,273,0 145,153,243,302,0 120,129,225,247,0 82,78,202,231,0 56,54,178,180,0 34,70,109,141,0 184,24,329,148,0
images-245-_jpg.rf.cd897bae993560bbd9289614204923f1.jpg 25,243,294,389,0 129,109,321,236,0 209,40,368,187,0
images-19-_jpg.rf.cd545df60f0f8004167e18f03ca49d0a.jpg 64,252,121,321,1 80,306,131,369,1 45,331,89,405,1 214,214,247,240,1 344,151,408,243,1 206,7,223,31,1 216,15,257,52,1
images-349-_jpg.rf.d0a97c5abb014ec8c422afa6a9e44ffb.jpg 28,190,238,361,1 119,277,243,361,1 218,247,329,354,1 291,283,365,341,1
images-266-_jpg.rf.d3e6953a4c8e3be74091139950cd051a.jpg 216,211,270,304,0 242,195,288,275,0 265,197,302,242,0 305,195,336,235,0 284,146,341,184,0 277,125,343,156,0 282,106,355,156,0 285,87,346,123,0 197,219,225,283,1
images-486-_jpg.rf.d4e5928a06dd6d4552bb5dcbc5b1b99b.jpg 32,271,114,378,0 91,266,144,372,0 145,267,215,355,0 180,266,236,357,0
images-329-_jpg.rf.ce012b9436bb5b071f441193e094c797.jpg 329,113,367,249,1 299,94,344,207,1 275,70,329,189,1 235,291,280,394,1 277,327,320,395,1 204,223,261,369,1 148,214,241,372,1 254,68,288,159,1 145,197,219,303,1 139,179,215,236,1 235,34,284,117,1 208,1,268,78,1 105,137,179,233,1 70,0,198,260,1 125,234,164,307,1
images-459-_jpg.rf.d73127a293af2edfacb94d2add65d2a6.jpg 350,180,414,253,0 364,259,416,366,0 282,235,342,371,0 284,157,379,228,0 241,126,322,204,0 179,133,232,197,0 233,224,281,294,0 170,224,218,294,0 107,218,164,311,0
images-197-_jpg.rf.d0ec6473231e4647ab5f6725ba98717c.jpg 37,103,362,345,0
images-277-_jpg.rf.d2d80fafea9117bd8bf0e7ba01726e91.jpg 92,181,373,303,0 67,224,305,295,0
images-41-_jpg.rf.d225d1a8f857fa149dc78e065b60d1ad.jpg 127,203,322,362,0 24,221,126,346,0
images-352-_jpg.rf.d18de544e893f22fe01547234f01178d.jpg 90,48,261,272,0 125,181,237,335,0 102,246,191,343,0 79,287,119,384,0 70,242,147,331,0
images-336-_jpg.rf.d116f19a0055e7dc2b85c0e5d2bd6391.jpg 138,81,221,293,0 191,83,248,332,0 238,94,281,332,0 272,121,307,336,0 311,147,360,319,0 330,141,384,273,1
images-4-_jpg.rf.d39b159955ade8b2c4a4707b46e45166.jpg 189,271,241,316,0 262,198,301,240,0 244,156,276,194,0 126,226,166,302,0
images-115-_jpg.rf.d638157ccad3ef86ce99c9065634fc0d.jpg 72,244,352,396,1
images-435-_jpg.rf.d9f313827814d38958000d483ddd4f0b.jpg 142,49,400,155,0 165,142,416,179,0 147,189,416,226,0 92,212,416,293,0 8,284,227,368,0 5,331,114,366,0
images-319-_jpg.rf.d78d8cc19c07d6acfef3edd7f5c26fdb.jpg 51,163,400,319,1 0,146,173,261,1
images-424-_jpg.rf.d8a8bc60a449b186c7ba6cfee94ae59a.jpg 157,181,286,267,0
images-108-_jpg.rf.d78dbb608d43b7c35af26ccc604aadf8.jpg 89,209,331,334,1 91,77,322,202,1
images-483-_jpg.rf.d8cbe1225652bcbae1b7830e3b78d762.jpg 281,164,323,267,0 263,146,293,264,0 230,137,273,289,0 196,186,224,306,0
images-63-_jpg.rf.d536c12983d332bb548a9a7babbf6f0e.jpg 104,228,267,315,0 78,198,230,272,0 38,171,159,259,0
images-128-_jpg.rf.da216e791779370072b662cf220d2064.jpg 165,24,353,243,1 148,105,383,264,1 269,186,416,271,1 118,324,372,415,1
images-491-_jpg.rf.d577dd8bd87e2e0e4a620a98ed53837f.jpg 144,223,216,289,1
images-471-_jpg.rf.d6dd3a5175dd25c19c46d41709e46a52.jpg 122,104,261,284,0 30,259,98,306,0 165,357,261,416,0
images-222-_jpg.rf.d6f922d7976208c43e4805b29a0d0c61.jpg 150,392,226,416,0
images-378-_jpg.rf.d9d12eee4f5548f4a20cac68b2c87305.jpg 152,189,289,342,0 371,237,415,354,0 332,225,400,354,0 274,227,362,362,0 217,207,330,325,0
images-370-_jpg.rf.d6999f340249b3a6a5b3197db1b0e795.jpg 0,140,209,289,1
images-11-_jpg.rf.d16cfd68f6a47f173df1f4719209a75d.jpg 170,203,210,270,0 250,148,293,1
images-486-_jpg.rf.da5af7eb0e11c59bd9b6533b2298c33c.jpg 302,271,384,378,0 272,266,325,372,0 201,267,271,355,0 180,266,236,357,0
images-418-_jpg.rf.da79b3fb297cddfbbbe3246434b3c6bb.jpg 137,66,190,251,0 99,68,165,307,0
images-28-_jpg.rf.dc60f2ee3a58c92713daf69540b4747a.jpg 11,135,272,388,0
images-365-_jpg.rf.decbd50bc92c9b53fed5695fcffd41ef.jpg 64,331,151,396,1 64,274,137,344,1 70,208,146,302,1 63,187,124,209,0
images-415-_jpg.rf.da87bb889c343f39b3ca182ea2827157.jpg 75,156,305,316,0
images-175-_jpg.rf.dbd9d149f83185ed6febabdc00090a7e.jpg 143,109,281,291,0 271,128,364,255,1
images-107-_jpg.rf.dedd3f8285eac6e51d1fb43a5845a7d5.jpg 55,89,299,358,1
images-279-_jpg.rf.caed8f7656cea018a9ca11cc7cb9a363.jpg 256,220,305,288,1 203,227,265,300,1 169,211,254,290,1 126,220,211,290,1 139,199,225,240,1 68,189,188,259,1 70,192,142,217,1 78,174,176,196,1 62,151,132,180,1
images-199-_jpg.rf.dba74bd07f3648527267aa98112b464c.jpg 0,177,308,373,1
images-436-_jpg.rf.da692e0d1cd70501b45b74ae766606e5.jpg 148,0,301,407,1
images-144-_jpg.rf.db22449488f582aaa9ba99c11823e670.jpg 7,134,234,415,1
images-437-_jpg.rf.dc2dc035db315154e341b3de87214fd9.jpg 256,121,363,220,0 150,174,268,269,0
images-40-_jpg.rf.e1c7a8d2427af5a233a91c1be1ca1208.jpg 81,242,247,332,0 89,144,228,235,0 70,75,223,187,0
images-182-_jpg.rf.e15167517002d3d336191c41d2547a37.jpg 94,137,416,301,0
images-174-_jpg.rf.e0b65010869ed4391ea6814d8cb4eafe.jpg 48,220,206,341,1 48,135,224,303,1 106,114,274,250,1 121,71,326,211,1 150,68,381,187,1 211,48,416,175,1 269,10,416,134,1 3,278,179,358,1 34,329,187,377,1
images-99-_jpg.rf.e18bc30f82ccb4c01b31842ef1a1d46d.jpg 189,167,205,288,0
images-167-_jpg.rf.de3da9727db41722d4cdba7a95f0cf9e.jpg 26,155,359,361,0 1,257,195,398,0
images-420-_jpg.rf.dbac4da3e88af1c2fb04c92fa511e73c.jpg 57,264,103,319,1 50,248,99,295,1 36,219,104,274,1 31,139,116,211,1 44,127,72,146,1 36,79,123,127,1 32,8,107,81,1
images-23-_jpg.rf.db34b97d0cbc285f5e4c194031e5df0f.jpg 54,103,376,349,0
images-254-_jpg.rf.de9c672ac41553accc213f704825b931.jpg 110,153,272,360,1 183,192,298,0 304,198,416,0
images-13-_jpg.rf.def63c3c2ae31b12841d485ab6b4cf33.jpg 188,150,263,241,0 254,214,280,307,0 129,131,185,206,0 292,194,331,317,1
images-179-_jpg.rf.e1883a7dc2c5e9646a5d3a55f46c18c7.jpg 98,192,387,305,0
images-220-_jpg.rf.e2b692e56c887b0635db2281a4259e4c.jpg 172,283,266,347,1
images-202-_jpg.rf.e1dff0b0da173fda44800ee057055e3a.jpg 42,289,178,329,0 175,259,241,301,1 288,238,363,283,1
images-465-_jpg.rf.e12c2cbd60d22412e0b91cc589df1028.jpg 67,95,293,318,0
images-248-_jpg.rf.def386eefaa78592adb367a7c749850a.jpg 170,126,242,164,0 168,166,247,204,1 164,207,255,257,0 165,253,249,304,0 168,300,248,340,1 163,346,246,390,1
images-9-_jpg.rf.e63cc2aaee2c4300ab451829a941f215.jpg 37,197,108,287,0 90,190,136,300,0 118,189,166,295,0 178,213,199,307,0
images-72-_jpg.rf.e467fa267308eb490116169522a48830.jpg 22,53,311,367,0
images-325-_jpg.rf.e67014368cdb3cdc34dff3524a027207.jpg 88,340,288,361,1 82,226,313,337,1 53,201,215,226,1 81,180,261,214,0 110,90,275,136,0 55,126,210,172,1
images-63-_jpg.rf.e55b400048c1b823e3833d724f824161.jpg 149,228,312,315,0 186,198,338,272,0 257,171,378,259,0
images-477-_jpg.rf.e5cbbf706791eb2e7d24060c35fb7acd.jpg 323,203,404,319,1 299,191,363,272,1 292,161,354,231,1 267,155,314,197,1 243,119,324,195,1 229,86,303,156,1 201,72,282,143,1 194,64,254,118,1 126,196,233,416,1
images-492-_jpg.rf.e48746339501117cf3eec26d704ea09a.jpg 307,193,370,296,1 343,129,374,194,1 291,139,309,227,1 217,94,258,189,1 250,119,272,241,1 50,189,118,290,1 94,170,125,221,1 121,179,148,223,1 138,130,185,196,1 114,140,167,222,1
images-326-_jpg.rf.ea14b41d7795d0ce69ba7aad962a30e1.jpg 66,218,118,267,1 287,169,339,293,1 242,143,288,289,1 215,151,258,306,1 195,137,220,264,1 152,153,199,310,1 158,135,177,230,1 132,157,156,223,1 116,168,147,269,1
images-457-_jpg.rf.e8b2811a0a463d132a5be2de43aee86a.jpg 323,186,341,263,0 286,159,293,222,0 253,147,272,240,0 224,129,240,224,0 203,143,223,234,0 192,144,207,220,0 166,141,191,221,0 151,137,179,215,0 130,123,175,228,0 89,175,127,244,0
images-170-_jpg.rf.e8a85e18a7eb1e3d3c9cd5611f695074.jpg 50,138,373,294,0 0,321,231,411,0
images_jpg.rf.e6fe987eda1ed90792fd95e472353166.jpg 1,160,387,340,0
images-489-_jpg.rf.e97c7b8027209b731de7896c8568eeaf.jpg 180,131,274,318,0 142,204,198,300,0
images-322-_jpg.rf.eb28851c5a503c5f9a0eee01a6c62668.jpg 101,369,263,416,0 116,316,300,411,0 126,273,282,336,0 110,234,330,327,0 96,184,328,281,0 107,144,286,205,0 89,111,300,155,0 98,59,308,119,0 117,9,335,99,0
images-300-_jpg.rf.e8d3277a9e8e9156e77db18d0285d0b1.jpg 72,176,231,310,0 167,180,273,270,0 0,185,85,257,0 176,151,413,282,0 126,82,210,119,0
images-157-_jpg.rf.e938296e8c31fdf2517ee12f94621cf5.jpg 27,33,381,408,0
images-186-_jpg.rf.e8eed3c13760dce8af21d502e82d6462.jpg 149,136,360,267,0 48,155,131,326,0
images-402-_jpg.rf.eb7f6a2a2edc988c963f0f202844a214.jpg 159,179,346,385,0 149,121,313,234,0
images-43-_jpg.rf.eba539bf32d562505dba7ad3492f9c6b.jpg 179,125,370,370,1 120,119,273,249,1
images-411-_jpg.rf.e8abc4337acd2424991c350e004cc4d0.jpg 143,185,237,303,0 108,150,175,332,0 45,172,108,314,0
images-192-_jpg.rf.ecf79fe5b54dac2f4c443e500d9fb2c4.jpg 32,81,323,269,0 42,209,351,339,0 67,310,413,416,0
images-434-_jpg.rf.ed5aea92e579b1dcd58f7a2cc78a5658.jpg 202,215,353,287,0 197,279,335,323,0 181,307,265,337,0
images-124-_jpg.rf.e79ae58a21a2b33cc77165559551bd5d.jpg 86,144,318,250,1
images-455-_jpg.rf.ebd9135732a3ff2bd42fb1fc196816dd.jpg 41,163,171,302,0 106,254,198,298,0 99,281,249,336,0
images-161-_jpg.rf.e76fa6e1ae331721aaf9a89f619b8fde.jpg
images-123-_jpg.rf.ea73ed9f3ab289a0bd28e4a54c58c32e.jpg 77,151,211,327,1
images-378-_jpg.rf.ee5d3a774eb8e913187f470f9f2ed900.jpg 127,189,264,342,0 1,237,45,354,0 16,225,84,354,0 54,227,142,362,0 86,207,199,325,0
images-202-_jpg.rf.ebe41fbc2a6ef3497b22dde41d7d1ac3.jpg 236,286,366,322,0 259,271,372,1 176,265,236,299,1
images-177-_jpg.rf.e649da73b122e9970a36b570a00db631.jpg 77,186,265,304,1 0,222,140,334,1
images-265-_jpg.rf.edd1ccb3552b671caa9ce5c6ba9a7edc.jpg 130,100,227,164,0 122,160,225,236,0 118,230,222,301,0
images-167-_jpg.rf.f00e3409d5a834ba894309a1266ab839.jpg 59,180,382,352,0 230,264,394,378,0
images-464-_jpg.rf.e121e83934e08c36102ceb541e0386c6.jpg 78,83,363,366,0
images-262-_jpg.rf.f28c887df4756f2c68d942201df82c45.jpg 94,13,166,119,1 79,111,135,208,1 124,150,178,239,1 162,169,212,268,1 178,207,241,307,1 216,241,278,342,1 242,271,306,392,1 281,318,345,413,1 306,199,375,326,1 306,129,349,249,1 266,86,314,243,1 229,51,284,191,1 198,41,245,170,1 149,37,198,148,1
images-461-_jpg.rf.f36f7a001c2c8a90013f43123086a839.jpg 0,287,108,393,0 116,315,146,359,0 14,245,66,317,1 165,145,209,205,0 207,188,279,235,0 277,183,337,240,0 191,96,257,154,0 182,64,235,149,1 166,47,208,110,0 114,96,179,149,0 350,82,409,130,0 327,68,396,109,0 317,53,364,80,0 302,28,339,71,0 287,5,328,44,0 250,5,282,42,0 198,0,245,30,1
images-70-_jpg.rf.ef1fb32dbce365a6ef65783a90fb6ac9.jpg 89,241,168,296,0 133,303,176,344,0 284,305,301,352,0 311,276,324,346,0
images-74-_jpg.rf.f039d15b69d5bfc1ee0d4902a7f1ea34.jpg 31,111,359,335,0
images-177-_jpg.rf.eebedec9234d383ba7f9d3bc43b7af08.jpg 151,186,339,304,1 276,222,416,334,1
images-224-_jpg.rf.ef4ffbbb50017fdd12035657adeb61b4.jpg 36,104,158,289,0 12,161,39,226,0 62,63,93,112,0 108,135,181,251,0
images-66-_jpg.rf.f55dc4a3303dfbfcc91342a5a55b7e59.jpg 44,186,361,317,0
images-12-_jpg.rf.eff4cde8fd8337b8a8c3d0488ee1a40d.jpg 130,205,179,277,1 217,136,264,196,1
images-125-_jpg.rf.f0d58edd89353c9f5611fcfe1ee43bdb.jpg 140,69,396,414,1
images-35-_jpg.rf.f329a9487ef0522cf0bb6aa85346df57.jpg 174,281,246,306,0 158,252,259,277,0 159,225,267,244,0 162,203,270,222,0 162,171,274,191,0 170,144,249,168,0
images-398-_jpg.rf.f1a0526060d5624c2b7dd6ec4d541b9f.jpg 68,263,119,338,1 115,219,173,323,1 157,196,240,298,0 187,162,313,225,1 210,128,323,167,1
images-220-_jpg.rf.f87af4ca6a3ac96eca45ec1431df55a3.jpg 187,271,275,359,1
images-2-_jpg.rf.f7e3dbb84a560b0040714a20b89f7a95.jpg 145,73,304,399,0
images-124-_jpg.rf.f5c3a781dc6a4b3049828e62c6d9713a.jpg 98,144,330,250,1
images-44-_jpg.rf.f7e1d42f1847f5bc2341862d99982fd8.jpg 140,190,205,269,0 169,203,209,266,0 184,218,221,275,0 219,239,246,278,0 256,217,285,287,0 316,249,327,311,1
images-62-_jpg.rf.f6bc40377ee0c7cf32ff5a7cfe5ffd43.jpg 49,78,365,385,1
images-213-_jpg.rf.f2ed69671296bbc3674fccd1b4a4676a.jpg 86,342,252,415,1
images-147-_jpg.rf.f474161b7de870c5f5a373ef0234d10b.jpg 292,126,349,324,1 226,118,282,274,1 167,94,223,247,1 111,105,164,247,1 65,149,132,321,1 15,201,53,281,1
images-88-_jpg.rf.f7f1f0f62eeb18cfb5a228cb405aa869.jpg 131,227,160,376,0 188,205,213,372,0 244,208,267,368,0 272,213,297,340,0 299,220,307,316,0
images-131-_jpg.rf.f8a4fb8f748f16d774028ac2f9bfa012.jpg 140,213,184,305,1 184,212,235,286,1 93,238,141,301,1
images-360-_jpg.rf.fb349a95202a6cad23b6dbafac181d2b.jpg 80,164,167,228,0 258,175,313,243,0 236,148,327,197,0 63,205,149,274,0 40,166,92,212,0
images-114-_jpg.rf.f939bc24c5f6c90662a6081bbaf0e2a1.jpg 100,48,363,251,1
images-197-_jpg.rf.f3bac14e5e51351623bbe0dddc7450e8.jpg 66,120,129,334,0 130,120,195,281,0 193,92,251,253,0 252,102,303,255,0 285,146,355,324,0 342,201,399,328,0
images-444-_jpg.rf.f8f7b0f71a2a88cf1bc284e041689ab9.jpg 0,276,158,337,1 31,223,194,286,0 41,171,197,237,0 44,120,216,189,0 57,63,233,139,0
images-223-_jpg.rf.fc0eb373132244716ff42049fd0ee819.jpg 117,320,218,380,1
images-151-_jpg.rf.f93e60842694994655c9d1c47eb4c14c.jpg 315,193,368,345,1 200,148,321,336,1 106,183,235,358,1 59,214,174,349,1 1,212,161,390,1
images-150-_jpg.rf.fc84fd0e89ee680b6637fec9249f5e90.jpg 147,105,379,256,0 10,145,120,407,0
images-184-_jpg.rf.fc45582e239be52f4a733a26d7e964bd.jpg 145,77,192,205,0 245,164,330,284,0 231,189,276,311,0 211,207,244,361,0 145,246,179,379,0 67,227,148,404,0
images-181-_jpg.rf.fd46831f3b5715faf049ebb36686104f.jpg 112,36,265,296,0
images-129-_jpg.rf.fc4f5f13050e4f05963454d4e99a9732.jpg 44,48,365,329,1
images-234-_jpg.rf.fd469a5a973b1e23d2e64328b3bf8ee9.jpg 85,205,151,376,0 90,163,204,340,0 135,124,209,265,0 166,100,209,167,0
images-61-_jpg.rf.fe21d2b9d7f5e542fb676d77af85c93b.jpg 39,309,377,397,0
images-26-_jpg.rf.fd72c8d1b1abff852dbad51dbc65792f.jpg 138,197,211,350,1 90,128,128,232,1 140,93,218,211,1 193,48,269,128,1 273,53,323,136,1 275,151,326,288,1 220,147,289,213,1
images-71-_jpg.rf.ff73341212af8535f0a97b659516387f.jpg 214,200,390,326,0 101,191,314,300,0 76,144,249,285,0
images-150-_jpg.rf.fd53dd4c589843d799b0840f6015bea1.jpg 37,105,269,256,0 296,145,406,407,0
images-393-_jpg.rf.fcf1bc29bf38f3cd1fa5d7353bab607c.jpg 244,134,351,201,0 211,173,329,233,0 209,213,287,255,0 208,250,305,291,0 205,293,275,314,0 223,337,262,351,0 197,137,212,253,0
images-9-_jpg.rf.feb47cc57a65e0e54287bb303869d2cb.jpg 150,116,282,354,0
images-123-_jpg.rf.ffce036d155033aa80fd1969804cd569.jpg 205,151,339,327,1
images-53-_jpg.rf.fde8177b2a46614965d96cab2010f58c.jpg 153,162,224,264,0 194,132,261,210,0 230,103,274,207,0 340,103,375,154,0
images-81-_jpg.rf.ffab23f2d9c4a105c3125bce5f68b95c.jpg 139,199,232,314,0 9,136,180,216,0
images-199-_jpg.rf.f988cca7d0f7d4067f39b696b1c1eebb.jpg 108,177,416,373,1
images-27-_jpg.rf.fb47e3ed28214a3fe65ce146a041deb4.jpg 25,172,394,353,0
images-245-_jpg.rf.ff6e2da126ae44f1e7c1e08bd034569b.jpg 122,243,391,389,0 95,109,287,236,0 48,40,207,187,0
images-215-_jpg.rf.fcf1b1b2be2f2948b316bc650ef1b81a.jpg 187,327,242,376,0
images-409-_jpg.rf.ffa978d69b834960feb0ad2dd6a6515b.jpg 55,112,226,270,1
images-34-_jpg.rf.4871340a28eaee01395a25f4c50ff6ea.jpg 73,274,138,339,0 130,258,171,363,0 168,246,220,357,0
images-114-_jpg.rf.47c8426a5665f032dfa1e512f39b7c6c.jpg 53,48,316,251,1
images-105-_jpg.rf.4d7a1547dc3c449c170ed75697bd17c2.jpg 10,118,403,361,1
images-403-_jpg.rf.4de3e84010a02f540252ba45c6708609.jpg 24,281,179,345,1 90,268,228,308,1 53,222,218,274,1
images-166-_jpg.rf.47a5cf6ae9cd2f058e1ef0569797bc68.jpg 86,177,164,372,0 118,166,187,347,0 144,159,211,334,0 155,143,231,316,0 184,134,261,303,0 199,112,296,264,0 227,115,298,232,0 253,104,316,220,0
images-303-_jpg.rf.48f63f139fa11eae01405350c002b7dc.jpg 19,234,76,369,0 74,227,125,325,0 130,282,278,360,0 173,232,302,299,0 52,120,99,227,0 131,119,156,189,0 302,289,331,366,0 353,237,403,354,0 199,122,314,221,0 366,95,416,212,0 349,47,413,128,0 281,102,336,154,0 190,51,252,127,0 161,70,203,136,0
images-165-_jpg.rf.4ee6c8a30cc28bdb405b43f2bd01ac77.jpg 124,193,193,277,0 160,221,207,307,0 187,241,244,334,0 214,263,273,356,0 235,301,277,373,0 237,166,268,199,0 266,222,290,258,0 204,126,238,169,0 270,324,310,367,0 93,179,132,238,0
images-93-_jpg.rf.484ed063ea3a7a60dd4483ded76442e8.jpg 62,141,233,295,0
images-26-_jpg.rf.50ffe07c8d00e2105decd46cd4c71d54.jpg 76,132,344,330,0
images-332-_jpg.rf.47d1089f0333cf33f49ac633cf1d6109.jpg 243,217,303,243,0 228,239,296,265,0 254,285,313,309,1 256,325,287,341,0 155,336,201,353,0 124,294,198,323,0 113,249,189,272,0 134,194,196,227,0
images-219-_jpg.rf.48e5f161dbd4a5210da638d72769e1d9.jpg 76,329,138,369,0
images-483-_jpg.rf.49b709f8763edefd3773114321da34c5.jpg 93,164,135,267,0 123,146,153,264,0 143,137,186,289,0 192,186,220,306,0
images-299-_jpg.rf.4e1a7fbc90a673d393062c91d4a4a9a3.jpg 133,182,281,259,0 243,214,386,299,1 338,268,416,300,1 222,359,393,416,1
images-285-_jpg.rf.4f28f7aedec5da0748c587d0934a4fe0.jpg 2,207,133,334,0 57,152,229,368,0 109,78,301,310,1 183,62,318,215,0
images-173-_jpg.rf.4f84b79435840a67b2a80a449ab2c4f7.jpg 37,29,361,416,0
images-482-_jpg.rf.4944aff220e8d0dc883ac72ccd48c9e4.jpg 106,306,159,365,0 144,296,194,362,0 196,280,248,354,0 216,248,296,318,0 240,226,309,272,0
images-13-_jpg.rf.50ac62b8f90243115b16de1a90bdaadf.jpg 153,150,228,241,0 136,214,162,307,0 231,131,287,206,0 85,194,124,317,1
images-19-_jpg.rf.4aca50d731f233035c7ba93a4358df76.jpg 295,252,352,321,1 285,306,336,369,1 327,331,371,405,1 169,214,202,240,1 8,151,72,243,1 193,7,210,31,1 159,15,200,52,1
images-57-_jpg.rf.49e3ec454c9336758a1fee05dcfa5780.jpg 165,151,336,301,0
images-455-_jpg.rf.4b1c4bb59940a3a9f8f3e4f59d76fc2a.jpg 245,163,375,302,0 218,254,310,298,0 167,281,317,336,0
images-258-_jpg.rf.4d69697343c3347e2a827bc8defca2a7.jpg 296,160,344,273,0 235,158,287,294,0 185,145,228,290,0
images-183-_jpg.rf.50d9169defbcc1882ce915f359bccee4.jpg 94,22,205,246,0 230,114,298,212,0 199,192,332,258,0 183,233,334,377,0 110,241,249,415,0
images-168-_jpg.rf.4baf1960b94cf4a677f025a39626d2e4.jpg 50,181,277,284,0 326,168,414,338,0
images-193-_jpg.rf.4bbf26a1721799741e7ac99427b05b48.jpg 75,25,244,309,0 111,164,263,310,0 234,300,306,416,1 182,159,332,404,1
images-264-_jpg.rf.4ba79b08a40b29f5fbb82e2680dd375c.jpg 198,245,341,397,0 98,225,143,281,0 120,351,150,394,1 54,314,112,348,1 28,320,53,379,0 43,354,75,396,1 75,353,111,415,1
images-80-_jpg.rf.512265dd51975b88b122f24a1aca5713.jpg 169,257,299,357,0
images-342-_jpg.rf.522967ef1089d387ddb74397bd7c92a4.jpg 61,32,265,238,0 119,212,170,406,0
images-19-_jpg.rf.52571254e29d4eec5c20d125b98af96e.jpg 106,168,374,336,0
images-293-_jpg.rf.56286d9d6cafbdccf75adeee932e4d3f.jpg 94,129,232,311,0 208,142,269,254,0 264,135,350,297,0 334,142,384,266,0
images-244-_jpg.rf.550f88617d493f7c959f011363ea58bf.jpg 59,141,344,340,0 1,85,238,153,0
images-6-_jpg.rf.5252795da19ae8bd5639f037edcbfb50.jpg 91,155,398,373,1
images-350-_jpg.rf.569d564f1961656a89d434981189ef35.jpg 106,332,384,416,0 79,271,353,355,0 73,217,341,301,0 60,178,305,249,0 55,133,283,188,0 34,98,262,136,0 23,61,242,91,0 19,43,216,60,0 19,0,240,36,0
images-322-_jpg.rf.5ac14a67947feff1d35988874a3cd27c.jpg 153,369,315,416,0 116,316,300,411,0 134,273,290,336,0 86,234,306,327,0 88,184,320,281,0 130,144,309,205,0 116,111,327,155,0 108,59,318,119,0 81,9,299,99,0
images-461-_jpg.rf.586e30da43baf78ca16a5051ed09b700.jpg 308,287,416,393,0 270,315,300,359,0 350,245,402,317,1 207,145,251,205,0 137,188,209,235,0 79,183,139,240,0 159,96,225,154,0 181,64,234,149,1 208,47,250,110,0 237,96,302,149,0 7,82,66,130,0 20,68,89,109,0 52,53,99,80,0 77,28,114,71,0 88,5,129,44,0 134,5,166,42,0 171,0,218,30,1
images-32-_jpg.rf.56d72601c7e59f41fc327aad3f979546.jpg 117,94,357,253,0 30,223,249,385,0
images-368-_jpg.rf.5aae63190f0708aaa0a5873724bc69b3.jpg 163,288,196,381,1 168,210,249,324,1 194,158,272,312,1 251,157,286,316,1 159,12,195,69,1
images-36-_jpg.rf.542970558b94e5395c99a1fa8336d335.jpg 74,143,157,287,0 126,168,252,327,0 152,133,237,239,0 201,145,282,235,0 230,122,326,201,0 274,98,355,183,0 299,74,374,167,0
images-171-_jpg.rf.51d2d8dda82bc05e2949f61128c841b5.jpg 72,201,259,308,0
images-441-_jpg.rf.58345b2292769189d7bf753bead97f7c.jpg 193,137,333,413,0
images-106-_jpg.rf.5a1591414218ccc555e341771e847cc3.jpg 46,246,352,327,1
images-418-_jpg.rf.51153c1382caf512807f8f42a3970b0e.jpg 226,66,279,251,0 251,68,317,307,0
images-85-_jpg.rf.5ab86f2993885be2cec4fa630ebeb9c8.jpg 254,285,306,368,0 298,286,316,339,0 315,278,339,339,0 336,264,355,303,0 355,245,372,296,0
images-2-_jpg.rf.53116cef1370ffa1f2affa7c67d88e44.jpg 71,138,215,288,0 216,147,299,308,0 272,173,388,310,0
images-295-_jpg.rf.543f6a2a2d017c91e768b628ef7f5631.jpg 122,198,294,233,1 122,233,307,266,1 137,268,302,301,0 141,306,312,339,0
images-309-_jpg.rf.5995799fc209d95ac9b9a05a465aadfd.jpg 1,71,263,157,1 63,115,247,191,1 57,138,333,254,1 108,178,416,297,1 207,227,384,298,1 224,260,415,341,1
images-233-_jpg.rf.51bd95cc24826575f9222f7931c927db.jpg 214,204,381,281,0 215,184,387,244,0 219,162,386,215,0 222,103,411,199,0
images-85-_jpg.rf.54a807dd48049a6381dc53f4e0ef8ef6.jpg 110,285,162,368,0 100,286,118,339,0 77,278,101,339,0 61,264,80,303,0 44,245,61,296,0
images-16-_jpg.rf.551ddc8498aa73e77bca209565da6cdc.jpg 141,308,234,352,0 143,273,254,329,0 185,250,291,325,0 205,233,302,300,0 239,211,332,278,0
images-361-_jpg.rf.585a49d70a591f30d03b86181c42d79a.jpg 107,326,250,401,0 85,247,237,335,0 149,178,289,295,0
images-221-_jpg.rf.5b850ab5a2a4be2e12ca30aabbbb620e.jpg 188,300,264,370,1
images-86-_jpg.rf.5c1f1ae3efb2359ec1c50af5d3ef13e9.jpg 63,86,340,401,0
images-388-_jpg.rf.5c133524693a4b11dcafa144bbd5c7d8.jpg 148,39,202,73,0 122,78,208,126,0 119,129,214,181,0
images-494-_jpg.rf.5bfb78117853111ce1f1cf1e547edcc7.jpg 209,267,274,315,0 293,160,384,223,0 221,131,271,164,0 216,227,251,251,1
images-456-_jpg.rf.5d7edb8fd4b3db5dd24839abb4c86d06.jpg 32,276,215,344,1 20,231,207,287,0 40,175,213,228,0 40,118,192,179,0 24,60,186,120,0
images-179-_jpg.rf.60b52d32da303537221bdaf1644aa02b.jpg 29,192,318,305,0
images-206-_jpg.rf.5ee317d091865742faac095063ec0fa1.jpg 145,125,209,170,1
images-457-_jpg.rf.5e7fb9dae8ea3a6371660d8436c19449.jpg 75,186,93,263,0 123,159,130,222,0 144,147,163,240,0 176,129,192,224,0 193,143,213,234,0 209,144,224,220,0 225,141,250,221,0 237,137,265,215,0 241,123,286,228,0 289,175,327,244,0
images-57-_jpg.rf.5d28cc00ea9d3f53be4985c3e4e566c5.jpg 80,151,251,301,0
images-160-_jpg.rf.5f462970fbc1b7163e2ff555ed40c921.jpg 132,112,271,255,0 165,152,267,333,0 238,160,311,349,0 283,220,369,377,0 335,131,380,228,0 396,130,416,231,0
images-429-_jpg.rf.60d96d887f2272939c1a1df9bea183bb.jpg 98,38,237,375,1
images-123-_jpg.rf.5c38495677ebe35f3155140e74fb6ef6.jpg 208,149,347,335,1
images-132-_jpg.rf.5ef6be75115ae2935e18297b4ba5ead2.jpg 197,118,283,247,0
images-441-_jpg.rf.5e27b66146ac50ad4d05a515056922de.jpg 83,137,223,413,0
images-426-_jpg.rf.6215ef2dae51cc56619b3b48cee88d07.jpg 131,131,263,394,0
images-239-_jpg.rf.5d7a4686e5dfb6bc99039bd9e2b30bbe.jpg 94,150,322,306,1
images-3-_jpg.rf.60902e5c0f429251d2fbe156613e9fa7.jpg 0,89,185,167,0 102,83,261,176,0 194,91,314,174,0
images-76-_jpg.rf.5ea66ba53bb618f706e3ff8a67d6844f.jpg 176,191,225,266,0 96,247,190,332,0
images-84-_jpg.rf.60958848b880c3bf40d90e8cfe435687.jpg 153,96,359,285,0
images-195-_jpg.rf.62c7496ba3a7a5465feeb3e7881a6667.jpg 84,72,318,237,0 73,219,331,373,0
images-275-_jpg.rf.5cdf999eec14c067c9d1b9d5462915c1.jpg 46,96,339,355,0 19,188,177,296,0
images-48-_jpg.rf.6168b0aa4a1b8189c2c12d1c810582f2.jpg 163,104,221,164,0 157,125,186,153,0
images-55-_jpg.rf.64196a2cd81ee81f8bbb450e400e8d7f.jpg 277,205,321,388,0 164,211,272,353,0
images-494-_jpg.rf.5c9dba00e77561dc3623b4a31b72a0a1.jpg 142,267,207,315,0 32,160,123,223,0 145,131,195,164,0 165,227,200,251,1
images-268-_jpg.rf.645808e4c84836375ab9963edb3369ae.jpg 327,225,416,405,0 105,158,312,283,1 54,306,113,415,1 0,116,110,188,1
images-46-_jpg.rf.644c3f99efd6bccd115b7e187d25afa4.jpg 32,65,377,388,0
images-476-_jpg.rf.64aad8f9de49f9883f5850eba68996c2.jpg 81,33,333,104,1 155,245,370,287,0 13,238,251,284,0 46,294,395,329,0
images-44-_jpg.rf.611868c59d12393ded060f02cceca5e0.jpg 65,193,301,317,0
images-204-_jpg.rf.66fa950ad153c5c3c68933864ca55f83.jpg 108,296,125,309,1
images-242-_jpg.rf.669cad636bca83088436b6e1971150b0.jpg 116,184,157,252,1 181,203,302,301,1 149,67,192,113,0 54,184,122,256,0 179,23,252,67,1
images-226-_jpg.rf.64cd996ff16bf5a684520776b45ef3cf.jpg 136,220,266,347,0 146,142,276,267,0
images-242-_jpg.rf.6384d8f8ba59911cb387fdccc403e37b.jpg 259,184,300,252,1 114,203,235,301,1 224,67,267,113,0 294,184,362,256,0 164,23,237,67,1
images-212-_jpg.rf.62adcb8db7a3cecb549a5f0908e9ffb2.jpg 174,272,243,309,0
images-157-_jpg.rf.6724ed59cfec42c9e4feed1391eedf0a.jpg 35,33,389,408,0
images-1-_jpg.rf.6e06bb116c1b8ce526417afd70f8bd9f.jpg 46,37,355,374,0
images-29-_jpg.rf.671ec5bcbcd337cd64b45e420e972724.jpg 171,104,218,201,0 131,158,170,248,0 92,195,132,278,0 68,234,92,275,0 97,356,116,411,0 145,324,175,377,0 174,303,209,357,0 205,259,251,309,0 221,78,287,290,0 44,273,58,314,1 115,364,143,405,0
images-10-_jpg.rf.6911008db09cd514f7f7e78ddc09b4fb.jpg 60,157,108,221,1 88,214,141,270,1 36,224,87,263,0 45,244,79,290,0 42,178,74,228,0 61,183,94,222,1 34,191,65,235,0 97,169,136,222,0 123,223,174,282,1 199,209,236,251,1 69,284,116,307,0 189,322,264,363,1 199,252,249,333,1
images-281-_jpg.rf.6a9c36767f02b21b468956c390e993aa.jpg 282,125,339,223,1 276,131,327,272,1 265,155,307,281,1 252,156,281,280,1 243,164,268,299,1 231,139,249,281,1 108,165,150,268,1 78,160,132,267,1 59,166,104,253,1 212,139,233,277,1 195,138,213,298,1 172,157,196,298,1 144,178,171,290,1 125,199,150,285,1
images-148-_jpg.rf.6a26b720053f0f852e5eecdc82d1ac96.jpg 219,222,365,344,0 210,144,357,298,0 93,108,260,208,0 4,66,184,171,0 3,33,133,113,0
images-409-_jpg.rf.6fb8d1b9e383723302cf138ff88a5eaf.jpg 190,112,361,270,1
images-423-_jpg.rf.6f6bf42f4f8f19c48534affecdb535b2.jpg 161,77,246,402,0
images-317-_jpg.rf.6b39c5f09cafe957d0e1ce36d7f5ee0c.jpg 254,121,306,287,1 291,167,323,296,1 316,141,370,282,1 360,146,400,275,1 374,129,416,226,1
images-204-_jpg.rf.6a5cd48457fab6c4d1d188be9a59e41c.jpg 291,296,308,309,1
images-133-_jpg.rf.689fd4e52e04f0beb17806f56e2f8b33.jpg 10,105,312,329,1
images-82-_jpg.rf.6efba4788fca1ec5e472cf5344839323.jpg 143,331,313,416,0 243,245,311,376,0 121,257,231,326,0 196,218,251,279,0 85,199,207,261,0
images-298-_jpg.rf.67bc1c1ec15df59f4eae0ef780422867.jpg 128,153,244,258,1 123,185,262,289,1 152,231,256,308,1 179,266,277,333,1 164,297,281,364,1
images-98-_jpg.rf.6a9cd01f22e8b260c112af6d5f7795ab.jpg 72,30,342,167,0
images-381-_jpg.rf.70249d330ce98d01711ce5ce393454f6.jpg 41,271,80,331,1 67,260,97,324,1 94,269,121,340,1 70,195,125,271,0 123,245,154,310,0 48,198,69,257,0 135,177,169,282,0 118,138,192,251,1 181,142,237,233,0 213,138,273,268,0 160,112,201,142,0 167,67,258,191,0
images-179-_jpg.rf.6bb2dcdd79d452af4a80d0d323641e0b.jpg 127,178,379,317,0
images-94-_jpg.rf.7079d6a65afcfbb893b71d3baf68ef69.jpg 55,31,367,344,0
images-62-_jpg.rf.6f9ff32085401860d2f05e8d2c16a394.jpg 51,78,367,385,1
images-9-_jpg.rf.710621757ca72638a7e7a3358586bbbc.jpg 308,197,379,287,0 280,190,326,300,0 250,189,298,295,0 217,213,238,307,0
images-75-_jpg.rf.6bf87c279c84b1a411e14533fd875b92.jpg 91,104,350,233,0 34,218,265,400,0
images-344-_jpg.rf.713dce668a4e9a53c613aa388e91c74d.jpg 270,154,357,318,0 268,213,310,336,0 246,237,286,348,0 182,221,243,356,0 137,254,180,371,0
images-147-_jpg.rf.7137430ff624a99263f9d9ccd0cde474.jpg 67,126,124,324,1 134,118,190,274,1 193,94,249,247,1 252,105,305,247,1 284,149,351,321,1 363,201,401,281,1
images-89-_jpg.rf.713337678405c7537d8c23fe3f01bf73.jpg 198,97,416,257,0 63,45,215,241,0
images-211-_jpg.rf.705e4473993897ed267eb0eae9039d2c.jpg 131,209,188,353,0
images-74-_jpg.rf.71b590b2ab41e31270d7dc90a59b5a9d.jpg 330,185,358,280,1 303,170,343,257,1 282,151,317,257,1 254,153,297,234,1 223,135,270,220,1 241,60,270,122,1 268,78,284,133,1 282,92,304,117,1
images-57-_jpg.rf.729346f5686ba7fb7c4d66bca761fc8e.jpg 159,194,311,384,0 109,138,137,226,0
images-50-_jpg.rf.72b008f1023ccffc64424da0248df213.jpg 257,100,380,370,0
images-316-_jpg.rf.73d10c63584757dccace30152894d147.jpg 36,292,330,407,0 66,235,374,308,0 88,174,350,248,0 123,123,357,190,0 142,87,384,134,0 165,47,405,108,0
images-346-_jpg.rf.71bf72d81ebea445ea9da421904b6a19.jpg 111,298,212,387,1 135,289,246,370,1 147,272,278,331,1
images-476-_jpg.rf.74027a1d66196452ce2096e5d685f01b.jpg 83,33,335,104,1 46,245,261,287,0 165,238,403,284,0 21,294,370,329,0
images-323-_jpg.rf.703e4245eaad32096f1481a1ddbf6580.jpg 81,222,203,367,1 80,259,168,365,1 105,210,265,345,1 141,162,297,331,1
images-12-_jpg.rf.758fb381ae2eff9a78a796ab18e4a084.jpg 237,205,286,277,1 152,136,199,196,1
images-482-_jpg.rf.74da8568f9c4ea8744c644774740f2d5.jpg 257,306,310,365,0 222,296,272,362,0 168,280,220,354,0 120,248,200,318,0 107,226,176,272,1
images-2-_jpg.rf.76ab0586d7091cc1ed5dad6afc6dac4d.jpg 201,138,345,288,0 117,147,200,308,0 28,173,144,310,0
images-81-_jpg.rf.746ac14d75f3a4305190a965b5f9fac3.jpg 178,161,308,279,0 143,146,271,251,0
images-408-_jpg.rf.747199442776ffd111523387fb5857da.jpg 177,335,396,392,1 113,303,378,347,1 114,275,362,296,1 134,228,389,279,0
images-148-_jpg.rf.720eb5fd8a5b078b516d9d12f7034f6d.jpg 58,142,217,287,1 54,222,197,338,1 3,274,172,361,1 9,327,175,409,1 168,191,265,243,1 135,94,328,205,1 193,94,341,172,1 222,60,407,168,1 274,20,412,124,1
images-79-_jpg.rf.72bb58fbf1e0c81b4394e80c7e1c46fe.jpg 187,117,307,231,0 42,115,176,238,0
images-493-_jpg.rf.7704e0f4f8272ea3ffcd5052ad7b434c.jpg 212,280,310,367,0 174,214,305,355,0 235,185,287,228,0 155,254,192,293,0 123,168,269,254,0 115,139,240,195,0 94,151,130,170,0 151,116,212,139,0 75,98,174,151,0 54,88,125,164,0 28,79,85,128,0
images-365-_jpg.rf.70a52a2372e7d03ce3268a8777bcfe5f.jpg 265,331,352,396,1 279,274,352,344,1 270,208,346,302,1 292,187,353,209,0
images-69-_jpg.rf.74eafec99e75784d1b5854b5dea0e744.jpg 226,91,370,213,0 10,131,196,213,0
images-64-_jpg.rf.7578d1f2560fad7b219181657cf1990b.jpg 52,37,397,334,0
images-264-_jpg.rf.77b2a86633d1cc281741857161134e7f.jpg 75,245,218,397,0 273,225,318,281,0 266,351,296,394,1 304,314,362,348,1 363,320,388,379,0 341,354,373,396,1 305,353,341,415,1
images-456-_jpg.rf.77b783260c272079781fda912fd49bb2.jpg 201,276,384,344,1 209,231,396,287,1 203,175,376,228,0 224,118,376,179,0 230,60,392,120,0
images-76-_jpg.rf.7523874d1f699d0e002968fe462e4fb2.jpg 109,114,318,292,0
images-32-_jpg.rf.75a07bfa10b669cdb7ff6c70bf13deac.jpg 113,269,172,331,1 145,211,236,345,1 203,213,286,254,1 195,183,307,239,1 180,213,278,305,1
images-253-_jpg.rf.74037abf3442d0fc0f4a81d4161377a8.jpg 214,123,285,220,0 140,190,199,269,0 97,241,161,290,0 61,185,99,309,0 87,181,128,234,0 188,164,209,226,0 125,149,148,202,0 39,202,65,254,0 181,40,206,97,0 149,32,170,57,0 181,18,200,48,0 201,22,221,65,0 231,19,248,75,0 319,69,393,139,0 32,112,56,191,1
images-6-_jpg.rf.786a294b70ce6421c8b0bf8e902376ac.jpg 18,155,325,373,1
images-91-_jpg.rf.7817b312ae28bc5897d73eafa90d208c.jpg 61,267,347,396,0
images-382-_jpg.rf.7494142929b4e1f0d22b60f2d8b350e2.jpg 293,131,404,355,0 167,140,271,317,0 101,83,295,296,0 386,213,416,268,0
images-466-_jpg.rf.76aca22b98b9c02e0f220b05acfcc599.jpg 218,275,315,312,0
images-246-_jpg.rf.7a02ce3a5cfe9f71cb38f71555583a76.jpg 171,86,271,394,0 214,90,336,276,0 150,150,172,279,0
images-192-_jpg.rf.783058dc19550cc47bc58076a11bcb07.jpg 93,81,384,269,0 65,209,374,339,0 3,310,349,416,0
images-100-_jpg.rf.78542ebcc02b72dece5976d6c099ec88.jpg 15,84,400,291,0
images-163-_jpg.rf.7e77befe0ff6acf9e7d10e162d35d082.jpg 154,218,355,325,0 189,70,297,137,0
images-464-_jpg.rf.7d5d6abdaaf769ff44f9f99ec65fbab5.jpg 53,83,338,366,0
images-408-_jpg.rf.7fdf6fe350ab2c2e2f2c27fba3376f50.jpg 20,335,239,392,1 38,303,303,347,1 54,275,302,296,1 27,228,282,279,0
images-279-_jpg.rf.77efde693f572b64649cec9c2fc14f60.jpg 111,220,160,288,1 151,227,213,300,1 162,211,247,290,1 205,220,290,290,1 191,199,277,240,1 228,189,348,259,1 274,192,346,217,1 240,174,338,196,1 284,151,354,180,1
images-1-_jpg.rf.7d0bb885d01a84263d13b56d8e93430e.jpg 61,37,370,374,0
images-157-_jpg.rf.805c66b2f58828572d9d1681209d08a7.jpg 35,55,100,187,1 103,108,173,252,1 167,94,225,233,1 127,140,165,264,1 233,33,292,202,1 280,25,345,150,1 257,120,396,266,1 140,212,239,287,1 78,301,152,375,1 135,296,234,362,1 223,277,318,395,1 162,353,206,378,1
images-32-_jpg.rf.7b2c0124e7b4739b16bc81c40e5f4905.jpg 244,269,303,331,1 180,211,271,345,1 130,213,213,254,1 109,183,221,239,1 138,213,236,305,1
images-444-_jpg.rf.797152f397b4657c47da105ce214d4fd.jpg 258,276,416,337,1 222,223,385,286,1 219,171,375,237,0 200,120,372,189,0 183,63,359,139,0
images-4-_jpg.rf.7e5b7d5fd3dc0b706876dda2ec609ac1.jpg 175,271,227,316,0 115,198,154,240,0 140,156,172,194,0 250,226,290,302,0
images-47-_jpg.rf.7ed9eedd8ebddab814df504686cfc5bb.jpg 177,256,309,361,0
images-403-_jpg.rf.7f00145df370b9b74e74f47e887b10ed.jpg 237,281,392,345,1 188,268,326,308,1 198,222,363,274,1
images-17-_jpg.rf.7f4b7f6689853611c44745945940a437.jpg 132,37,344,360,0
images-80-_jpg.rf.802f5eda9d348e4ebdb295f5a050368b.jpg 117,257,247,357,0
images-146-_jpg.rf.80d2353c89a326927e58e5b02913e40d.jpg 34,82,394,373,1
images-102-_jpg.rf.80960de84db69e90cb83e752e3eadd89.jpg 100,149,342,276,1 0,6,221,245,1
images-212-_jpg.rf.81bc5e5e82e5d73b7c3859ba12c18e07.jpg 187,285,211,303,1 219,288,241,298,1
images-479-_jpg.rf.80641dcba587536b30115117b4387ce2.jpg 217,217,362,310,0 95,154,275,375,0
images-102-_jpg.rf.84d4e372619b11d70053df8de7f3067e.jpg 8,3,386,309,1
images-210-_jpg.rf.8322ce143550ccac4b4ab1e202c697a5.jpg 253,260,311,301,0
images-97-_jpg.rf.824a96fcb546d5d9d0973415473788e9.jpg 82,121,133,296,0 246,88,270,337,0
images-107-_jpg.rf.83214417a07264624ce0db21af761965.jpg 118,89,362,358,1
images-197-_jpg.rf.855a4f9ac6df203da5b1b9335fcf038d.jpg 287,120,350,334,0 221,120,286,281,0 165,92,223,253,0 113,102,164,255,0 61,146,131,324,0 17,201,74,328,0
images-189-_jpg.rf.82affde805fbc261eb9e9d1f9b9f3e07.jpg 40,51,273,340,0
images-194-_jpg.rf.84e8b307cb77fb3db286fdf47b466636.jpg 58,116,336,282,0
images-107-_jpg.rf.8770fe65e916ca5ccd03dd9839a27f53.jpg 67,3,414,401,1
images-397-_jpg.rf.890b25e202078306aef5742253452dd7.jpg 16,187,273,364,0 100,272,202,353,1 342,297,416,388,0
images-26-_jpg.rf.8880cd443bca6e15a55b165fbbe8f444.jpg 205,197,278,350,1 288,128,326,232,1 198,93,276,211,1 147,48,223,128,1 93,53,143,136,1 90,151,141,288,1 127,147,196,213,1
images-201-_jpg.rf.8776c02d7a5ca9e3b4987f5217df2d66.jpg 163,245,225,314,0 210,245,247,317,0 230,239,278,318,0
images-220-_jpg.rf.8a0a8762e5ddd57b06ad63f24c82157e.jpg 141,271,229,359,1
images-89-_jpg.rf.8a5d852a5e08474cab3d4bab2296eff0.jpg 0,97,218,257,0 201,45,353,241,0
images-70-_jpg.rf.885027b314ee8a19b3edba59e98af516.jpg 97,171,325,343,0
images-345-_jpg.rf.88df4db1c40d31a9308582e41d186a02.jpg 25,217,100,260,1 28,250,105,289,1 57,265,123,307,1
images-47-_jpg.rf.893d24bdafc994db2abd67aaf217cec2.jpg 37,155,378,313,0
images-276-_jpg.rf.82727bffb3d7e9d20e1e32304c8ad0d8.jpg 140,5,227,85,0 142,59,226,105,0 152,94,251,136,0 154,138,268,198,0 173,172,273,245,0 159,211,277,297,0 156,263,251,372,1
images-197-_jpg.rf.89da7411f4e98a904adb878b25497af0.jpg 54,103,379,345,0
images-28-_jpg.rf.86ada6cdffa2b82981d70a180a9e0225.jpg 145,135,406,388,0
images-316-_jpg.rf.89561d1e7edb1be047e9e8e77cea3b8e.jpg 86,292,380,407,0 42,235,350,308,0 66,174,328,248,0 59,123,293,190,0 32,87,274,134,0 11,47,251,108,0
images-210-_jpg.rf.87c3b8815f2e30891582ee57b7e26086.jpg 105,260,163,301,0
images-85-_jpg.rf.8b2de8306f635342ae3d2fb940df6d03.jpg 82,185,263,300,0
images-146-_jpg.rf.834dfa73b85849d9a660cd8d097df202.jpg 4,115,101,329,1 63,124,151,318,1 145,145,237,354,1 202,119,316,304,1 271,106,387,251,1
images-292-_jpg.rf.83d966968c772fd6f16b235e60502d9f.jpg 125,183,256,323,0 123,286,176,386,0 70,253,120,377,1 95,223,134,278,1
images-113-_jpg.rf.8aba93786db8bc4442be1987ed193065.jpg 84,156,228,324,1
images-228-_jpg.rf.84d511366d5c3b79f4f8fad2012582bd.jpg 279,311,323,409,0 222,310,263,406,0 261,346,283,412,0
images-302-_jpg.rf.8ae2d6313caa729ba92084723c3acea2.jpg 93,222,130,321,0 115,99,140,238,0 91,125,109,217,0 136,67,160,254,0 160,78,174,180,0 178,81,189,163,0 184,165,205,308,0 204,150,225,280,0 242,126,259,270,0 283,150,298,268,0
images-169-_jpg.rf.8ba5aec5213af84e0e4fd7c39c1b6e84.jpg 100,128,171,257,0 167,159,218,291,0
images-98-_jpg.rf.8a0bacc98e330c755d90795de17d7b4f.jpg 74,30,344,167,0
images-414-_jpg.rf.7c439efa04e6e31f37ad3d82be77a080.jpg 7,90,415,385,1
images-348-_jpg.rf.8c3d333284179e252ef0d601833b281b.jpg 68,143,301,288,0 0,205,416,416,1
images-283-_jpg.rf.8d645663abc24831987bcbc68b81b903.jpg 181,207,265,378,1
images-432-_jpg.rf.8ca36223395f4a8ce277848844ece58d.jpg 174,281,215,331,0 104,248,193,329,0 76,211,191,285,0 5,199,114,230,0
images-62-_jpg.rf.8d1dee474e863a91c9dd41c533abd830.jpg 20,133,291,372,0
images-60-_jpg.rf.8d07eaa52aaf6cb0f0adc02b81042e03.jpg 69,168,401,296,0
images-39-_jpg.rf.8b021bfaa491d9028b0f6cd5e0633309.jpg 189,244,227,316,0 195,241,257,302,0 223,256,268,292,0
images-262-_jpg.rf.8ee24d7222abc7ae5658b1f3afeaec6b.jpg 250,13,322,119,1 281,111,337,208,1 238,150,292,239,1 204,169,254,268,1 175,207,238,307,1 138,241,200,342,1 110,271,174,392,1 71,318,135,413,1 41,199,110,326,1 67,129,110,249,1 102,86,150,243,1 132,51,187,191,1 171,41,218,170,1 218,37,267,148,1
images-195-_jpg.rf.8d8aaa057e73238d68dd242b97c4fd29.jpg 111,66,338,374,0
images-203-_jpg.rf.8d67de630be168902f4353111e894caf.jpg 137,174,168,237,0 112,299,236,0
images-451-_jpg.rf.8cbd8df017aa0eac8b7f5a328e9dee57.jpg 177,321,233,379,1 106,49,229,99,0 118,21,233,59,0 160,89,288,123,0 107,205,164,274,0 162,199,273,259,0 196,223,290,261,0 248,257,286,267,0 179,275,216,287,0
images-1-_jpg.rf.8d86e5e96fbfbb6693de2049c58a3d67.jpg 126,166,319,241,1
images-13-_jpg.rf.925492e942ed20151f2fbe9b837aa1a0.jpg 122,124,262,327,0 171,205,315,412,0
images-300-_jpg.rf.8e2e7411d7696aff470b77ee0a6a99a6.jpg 185,176,344,310,0 143,180,249,270,0 331,185,416,257,0 3,151,240,282,0 206,82,290,119,0
images-298-_jpg.rf.933e976108d119ffa8b480790b0b8f7c.jpg 172,153,288,258,1 154,185,293,289,1 160,231,264,308,1 139,266,237,333,1 135,297,252,364,1
images-101-_jpg.rf.91e6cacf134b3271bea613ec8030daea.jpg 48,257,347,342,1
images-191-_jpg.rf.8ec51ce9c593b4aa9be8f279f1e25a1f.jpg 117,62,266,275,0 1,78,53,148,0 0,171,86,378,0 75,210,133,353,0
images-93-_jpg.rf.923bbffee0b79998b57448cb779ded41.jpg 184,141,355,295,0
images-53-_jpg.rf.8f78017d7b3e3e28ca232d2e0c13c87c.jpg 192,162,263,264,0 155,132,222,210,0 142,103,186,207,0 41,103,76,154,0
images-274-_jpg.rf.94b4015ba5bda72f99784d5ecdbb3aa0.jpg 85,180,165,206,0 71,215,167,235,0 119,227,193,275,0
images-22-_jpg.rf.8e408f91911c4fb41b6ee2d612a4042b.jpg 84,134,262,326,0 257,130,416,330,0
images-150-_jpg.rf.934b61f44a9cc00191f2693befe2753b.jpg 132,88,375,258,0 2,126,120,413,0
images-48-_jpg.rf.937e7e55f6f869c68ed61e0fb2f57ad6.jpg 195,104,253,164,0 230,125,259,153,0
images-106-_jpg.rf.93d77c35222df086e2accc9a11d3fc6a.jpg 41,216,357,330,1
images-383-_jpg.rf.8faf22af98685811333f32dbbdd3c0f1.jpg 51,222,174,306,1 144,229,234,301,1
images-82-_jpg.rf.93b9ee56e5f73325d4883dee467f5ab0.jpg 103,331,273,416,0 105,245,173,376,0 185,257,295,326,0 165,218,220,279,0 209,199,331,261,0
images-5-_jpg.rf.8fbc5e5d420e6ff99e23c3487bd7bd70.jpg 31,104,169,282,0 130,63,301,285,0 230,53,373,287,0
images-377-_jpg.rf.8d800d111b2f67356845a7109e061c42.jpg 176,277,326,375,0 155,236,283,331,0 95,227,224,301,0
images-170-_jpg.rf.8fc201373a744375c18fb11757bcc2c5.jpg 44,138,367,294,0 185,321,416,411,0
images-11-_jpg.rf.957a163574b1bea99d886b0f6725f1c2.jpg 206,203,246,270,0 123,148,166,203,1
images-337-_jpg.rf.960c3506ca44c7c9baaf9199c24e65f1.jpg 110,99,320,284,0
images-422-_jpg.rf.9349e383bafc2f9561bb160d14f54a89.jpg 141,173,310,296,0 220,224,337,313,0
images-182-_jpg.rf.95fe035e8d386089db3fa231d286f46e.jpg 62,131,416,291,0
images-60-_jpg.rf.9682ca8ea0a49dc0e44a09f195d136c9.jpg 257,165,396,312,0 120,147,256,261,0
images-74-_jpg.rf.963bb2e0c011b618f517560dafac80f9.jpg 57,111,385,335,0
images-130-_jpg.rf.9753b3ea77c785520ebba6ab6920f2df.jpg 46,140,263,415,1
images-152-_jpg.rf.9887954d1a4b79ed2a9d3e6a2b38fd57.jpg 119,161,310,343,1 89,146,262,253,1 94,116,254,207,1
images-254-_jpg.rf.97a12b4edb1384de6234d080893004ed.jpg 144,153,306,360,1 118,192,233,365,0 0,198,112,334,0
images-52-_jpg.rf.9a5d09f924fb7ffa807304aa76ebfce4.jpg 57,245,119,370,0 224,153,240,237,0 216,248,240,370,0
images-247-_jpg.rf.98f3dcf0f42468e2ad4a4e7445c28a77.jpg 99,64,370,327,0
images-171-_jpg.rf.98c259c84740735af92a5ad9b0efdc67.jpg 147,188,330,316,0
images-5-_jpg.rf.9b114a0b9de9dd51b007333cf681d848.jpg 247,104,385,282,0 115,63,286,285,0 43,53,186,287,0
images-43-_jpg.rf.9568e485609ba51521f75f4ca12200e3.jpg 46,125,237,370,1 143,119,296,249,1
images-97-_jpg.rf.9b5f9dcadf774878fb60aa9d4d5bf83c.jpg 187,238,214,302,0 168,240,191,312,0 145,248,162,314,0
images-39-_jpg.rf.9c1e3f7d3a790907844b63d48ff4b8c1.jpg 189,244,227,316,0 159,241,221,302,0 148,256,193,292,0
images-81-_jpg.rf.9696437bada7cf2871331439d5ef9c44.jpg 184,199,277,314,0 237,136,408,216,0
images-221-_jpg.rf.9b6a497691f96c0ce87eb6180f46e4df.jpg 156,312,187,362,1 190,304,224,344,1
images-39-_jpg.rf.9a6c64fb8827ccbc471f3cde3f75255c.jpg 0,141,343,338,0
images-75-_jpg.rf.9b40b3f2cb3d172224b4516455890b8f.jpg 67,104,326,233,0 152,218,383,400,0
images-109-_jpg.rf.9b93d2de423adc640edca9d7579da76d.jpg 3,55,338,381,1
images-379-_jpg.rf.9c5ffc579ba99cbe59ec6d779cc1ddca.jpg 230,254,304,366,0 177,256,251,355,0 129,208,247,310,0 103,194,242,271,0
images-93-_jpg.rf.9cb0d43762b38b59b0ff00ad2e3e07b7.jpg 195,153,306,279,0 121,153,195,303,0 36,177,125,318,0
images-149-_jpg.rf.98d7c923845492f4079a6dc28e55b0ae.jpg 93,200,260,306,1
images-480-_jpg.rf.9cac1934d08b93e3ba10d25498f53173.jpg 111,169,308,247,0
images-172-_jpg.rf.9ca4c3d2d3351873c95c610cffad74d0.jpg 39,190,284,356,0
images-244-_jpg.rf.9b89d670f9ea8d371d2c3c9c8c553d08.jpg 72,141,357,340,0 178,85,415,153,0
images-141-_jpg.rf.9d30dcca3224deca89a5acc8991f5982.jpg 114,180,189,321,1 207,187,252,313,1 241,108,266,209,1 264,123,288,233,1 280,155,299,226,1 281,99,300,169,1
images-87-_jpg.rf.98f7b5c8f751e4ed0ce3e72b98a92889.jpg 202,148,334,306,0
images-79-_jpg.rf.9b16668ba2e12d718b578c72bc4fb326.jpg 109,117,229,231,0 240,115,374,238,0
images-430-_jpg.rf.98b99b8486a0186f10ec3b27fb6b3c02.jpg 174,253,214,314,1 121,222,190,310,1 80,202,163,275,0 48,176,169,264,0 39,145,148,214,0
images-25-_jpg.rf.9d2e718724bd1cdf27cdc355b384d844.jpg 86,68,375,393,0
images-32-_jpg.rf.9e4293ef257bbde6903e2c1ed95d8f26.jpg 59,94,299,253,0 167,223,386,385,0
images-182-_jpg.rf.9dae45e02d85999b67275e38098ba19f.jpg 0,131,354,291,0
images-47-_jpg.rf.9d7ac4d66017110fbddfbc5f081080bb.jpg 39,155,380,313,0
images-416-_jpg.rf.9ce7f88b4ac434b4f3ea743ea3d47217.jpg 251,214,305,296,0 278,238,310,311,1 217,221,268,293,0 201,206,245,269,0 150,188,217,261,0 198,219,218,240,0
images-118-_jpg.rf.9d597926e9b91d8f77777730ebedd714.jpg 287,22,344,185,1 263,57,326,244,1 203,48,281,156,1 175,113,268,210,1 175,200,242,351,1
images-17-_jpg.rf.9e5f70999da1ef9fe5b2c0620a3e87db.jpg 72,37,284,360,0
images-189-_jpg.rf.9f2480a5ddca1dd48805ab40f02cc7d3.jpg 331,35,416,140,0 37,49,165,130,0 0,108,59,215,0 15,200,113,374,0 205,201,293,343,0 172,136,273,310,0 300,156,355,285,1
